625 2750 3344 5325 29 566 644 3566 60 1078 1036 5270 635 36 374 4335 2423 3434 6292 4392
4921 3022 6231 2269 6312 72 2787 2247 536 2359 3435 3859 1866 5 478 2350 338 4871 5893 2351
1053 715 4815 344 365 6036 2247 3148 5656 141 6867 6715 3035 1035 2248 1124 4326 2350 97 548
1630 2352 173 1967 6781 2856 4008 4670 880 6029 3434 625 2359 120 4100 865 2460 2509 827 617
6373 6562 3 3035 0 6206 4522 4727 2267 2226 644 535 224 2238 4371 5799 5918 6200 1267 1988
1243 1660 2396 3734 5950 4239 637 2787 340 4840 3035 36 352 2787 1036 6578 446 5770 541 892
4462 55 6197 5680 5503 2351 1290 925 3363 2579 5319 5159 2330 1018 2351 6033 5901 2274 6014 8
37 3723 1866 3678 1644 6171 1617 5604 1116 2784 3859 2350 116 46 1073 2212 28 5261 2509 3024
3682 4640 3943 1594 108 1908 4736 1771 2359 6 28 1866 63 644 1102 6836 6369 2667 947 5751
2718 1893 2429 4056 2346 1256 2311 4901 1478 3455 6248 3 2217 2182 168 2718 6489 1559 5318 2009
635 1628 549 1534 2427 5755 1808 4458 644 2401 4871 2371 1352 23 3819 2350 1035 2718 6329 209
6562 3015 2236 2360 186 3870 245 4541 5319 1035 7 2324 611 4053 635 28 3625 5459 2720 319
6200 6123 2269 8 92 1769 6369 160 4127 4238 1281 77 3774 6036 2182 1537 3375 8 2396 45
2397 8 2871 340 23 2236 72 6031 2247 3202 28 5887 120 6664 1572 2359 434 3095 2238 400
397 6036 1023 168 1036 2 807 6472 590 3734 2717 2902 6 4293 2260 2182 5854 200 6098 3274
4725 5508 5448 5752 3435 6536 3747 2412 2238 8 1 1617 6484 2350 5028 1894 5825 6283 6237 8
2247 1351 3256 975 1864 3363 1929 2191 2371 60 4469 192 6036 1504 2401 5214 100 644 6310 168
168 2756 2350 2350 346 2924 138 6197 2191 1971 3434 644 3159 2236 2269 2719 2787 5399 6596 415
2880 68 2410 4997 2058 1888 1969 2908 3068 2044 4514 3724 3 3734 1015 1611 3361 1798 3575 2238
5823 3572 620 3369 5042 760 4082 3022 1802 2351 1605 2720 4670 2324 1281 722 5899 773 3951 1250
7 5225 3734 6421 6562 5888 3363 1688 1077 1669 1246 6 3951 2267 1454 5275 2182 1281 3105 6
4462 3724 2523 36 5052 1672 599 2592 5579 3951 773 186 2455 696 415 1813 6 5887 3477 4932
640 2783 3382 3804 3831 5143 6484 1930 2259 2350 2238 2367 1880 72 3564 3507 3256 1461 1036 2533
6237 2226 18 625 910 4668 3206 5975 0 168 1023 3720 451 2609 2429 865 1504 5179 3 2987
88 5566 6677 1802 5419 4482 1036 5261 2274 60 5132 1029 50 1866 243 6373 1644 5301 4008 1229
5348 6512 1504 1863 476 5503 2367 5610 2718 2367 475 3363 6218 778 1660 2526 2397 2248 1641 1101
369 1778 1291 168 5823 6337 2794 1248 904 2182 4751 5656 4088 3165 1902 6481 408 2359 1218 6590
4863 326 3011 1291 6627 2995 2167 4727 6472 68 2609 2342 1611 1283 168 5755 1029 1230 6562 36
2397 434 2473 1036 7 435 60 1006 3943 6033 327 5052 69 6186 3053 4238 6310 1250 973 4462
2779 910 6233 2423 5383 376 6851 2365 2367 8 3685 3928 6142 5241 3410 2367 1243 2975 1866 2303
5 1036 53 4989 2794 5 1464 3035 1221 5348 1950 4727 20 5238 6472 6481 132 1650 2071 3564
1530 36 2247 28 2692 36 6 2423 2487 1322 3274 4008 1029 1764 5656 2473 116 4433 635 2783
2718 6882 454 6369 33 6562 1283 358 5214 168 6472 6472 5825 1866 2294 2053 1200 6248 599 663
354 5059 338 2819 6292 6354 1208 6431 82 8 2310 1967 1594 4733 4388 3890 1533 460 1285 5059
3035 2350 6197 2247 116 2212 327 1276 3008 4241 1103 1221 2374 5 338 5459 2236 1243 478 2423
2169 2720 6627 2639 1523 2908 4752 6484 3263 2379 4581 1352 3734 5183 1449 4670 6369 4515 359 1248
28 3678 2269 4234 2919 5068 4848 4911 1630 397 28 892 1771 6848 3734 5986 2359 431 4501 1968
5383 637 327 6354 6260 2247 4766 6848 4515 4474 625 1475 6031 3678 2794 2268 904 4727 1294 0
6536 28 1035 6036 2258 1061 6200 6238 4136 6848 419 875 5503 1072 6283 2805 2212 5318 504 1438
5182 5856 6562 6083 1496 6562 2350 5768 3015 2259 625 3678 338 2236 1764 633 1464 59 168 351
3 4823 4840 5028 1128 4008 2955 2720 2238 28 168 6859 5143 6237 2351 5474 8 1071 1884 3547
2236 4668 603 344 521 2509 4557 3206 1864 2351 2351 97 33 2350 6848 1434 608 2274 1283 2394
5841 1025 4522 6036 6310 644 1785 2422 3256 1753 1035 5950 3495 28 1927 3330 644 167 3457 3243
4501 6512 6484 3679 3035 6036 6186 2269 4241 2350 168 3 5614 0 2350 2426 5823 6248 5887 2881
3751 2238 4830 636 1967 2781 146 4863 592 1446 2609 5887 6458 148 4241 6627 33 3 6197 4400
2238 3 4752 6206 2340 6 599 2805 6775 4198 28 2268 4932 4731 397 8 4863 5052 116 2236
2784 2412 408 2487 28 3679 5 186 116 947 4670 2237 2692 408 1071 6050 41 6562 2862 120
4674 4026 3813 53 4728 3029 3724 1764 2718 2350 1628 1894 5788 723 2247 1866 2487 857 2862 1372
4752 1449 6693 5223 1033 4505 6880 3382 4241 799 6627 865 2785 4740 2951 1867 2718 417 875 3683
6533 5071 6353 4073 2567 6032 5804 3435 807 590 2718 2732 1836 1344 1594 4462 0 1036 3434 2180
4727 3035 5724 2565 6562 2269 3204 1232 408 2212 4670 2247 2711 925 1068 168 6472 6050 105 6848
1478 2413 857 4695 1122 344 2976 22 5348 3943 3581 1813 4830 6484 2350 6036 2237 635 3720 1526
1682 158 103 2247 2924 1617 619 4054 2657 1617 3008 4751 1594 4668 892 496 146 1093 400 6
6 327 3566 2145 6036 3434 6 1221 4981 123 68 1939 6050 5314 6434 2535 4358 2360 1594 4557
2794 4363 5503 6373 3724 6851 230 431 6571 28 1036 5214 3498 1636 925 385 3175 5870 6199 168
478 173 5857 1237 5816 6283 4783 6244 36 4238 4443 2360 2350 2473 625 1114 0 4933 0 3959
3045 5215 1723 6036 3813 2543 6419 925 4839 1587 1262 2752 747 1866 4501 327 2333 1370 6757 478
1502 1764 6197 6882 0 168 6 5755 644 1292 1351 5424 72 2247 625 6696 6083 6033 1617 6481
2787 6472 2215 6133 2718 1029 341 5887 3724 867 4581 2238 6472 2236 6484 6036 3387 6759 4552 107
625 635 4604 426 4569 3 341 4765 327 1813 4826 6856 6032 4645 6294 6329 1023 168 168 3943
1723 1866 5887 617 5954 778 4645 3369 3624 3333 8 2229 5887 2288 2191 3015 4504 2350 6 28
659 599 3720 2238 4241 867 279 3 168 338 6484 1866 2351 5888 5779 5777 2487 53 53 6892
2794 1462 1807 5814 141 167 2509 5770 4048 5779 168 4342 1035 1484 13 4092 192 1558 2422 3035
5320 1383 2452 338 2675 6 1068 4114 267 6472 2401 3775 2238 2242 2269 168 1753 531 6525 3
6369 1076 4005 1365 229 3008 54 1710 3584 3 74 3320 4483 5613 6292 1403 3951 2274 2248 5221
3734 5016 1748 4728 6485 2347 1365 2401 1504 3383 635 3682 4193 550 6472 1694 3435 6292 2263 6472
5724 6512 4310 4763 3022 2330 2214 1025 3435 1589 2926 6781 1748 3804 3921 5986 327 354 3363 5330
3058 6596 2396 2509 2223 4050 2455 1889 4751 2350 8 1437 4670 3951 867 3341 761 2762 3683 600
327 5887 5025 0 1866 1035 141 1475 5214 2718 415 540 3935 3040 108 6324 1036 1866 8 1693
6472 29 2880 6562 3015 1654 3435 4190 5450 139 4453 6562 2423 327 5214 566 2924 33 2367 135
1930 4727 1691 1621 6036 2238 6329 36 1866 2269 201 1568 6484 82 6472 3035 548 1237 3341 6
327 6171 6248 2238 2223 4455 2238 2711 6562 2052 5729 6 8 3774 6 4725 1723 6484 6562 6390
5223 2300 1594 2794 2397 168 6373 74 1504 3804 2427 6442 327 6206 773 2359 28 2794 338 2242
2359 1603 689 4371 2791 5396 875 1050 4281 327 45 1939 2350 6373 1333 33 2374 5887 3585 3803
3435 3916 168 5877 1030 6373 4658 3566 3638 1166 1302 453 1291 3 36 5382 1446 4538 6525 637
2719 6171 5214 6472 97 625 2924 3 6036 408 2269 1032 599 1764 2651 2071 36 2290 3349 590
6197 2995 2324 6036 3008 892 1036 408 1333 2562 5610 3734 325 5259 953 4171 5884 160 3564 6
676 2711 1811 2732 3937 4728 5770 1966 55 3793 2926 5508 2849 116 6536 6036 1517 4670 2805 371
5724 4668 168 4769 3937 2717 651 5610 168 4727 875 2337 6847 4501 8 2951 6422 341 1317 622
5860 2894 6863 4823 3724 5849 1128 327 6423 1886 4017 498 5606 2238 5768 2473 1493 244 4483 6913
644 3557 4752 1036 1103 3579 1523 5823 1341 6304 4846 5842 0 6910 6372 108 5503 478 1247 1193
1615 4933 2146 0 344 4725 636 28 50 1035 6762 865 6283 3053 947 6373 892 1557 6157 5815
0 4008 453 4830 3793 647 5797 6050 4358 4911 2296 2787 1438 2178 1973 640 892 875 2238 2410
1952 168 644 5823 4670 55 2324 338 1255 20 1915 1915 3053 3723 2826 3181 2259 3035 2214 6417
2365 6536 6562 6248 6780 2237 640 478 326 446 342 82 168 1326 768 5886 6329 3 55 1302
640 2718 2263 1229 6910 6036 168 6197 4779 871 1866 1326 2805 5485 632 4752 6910 6369 6255 346
1969 1326 3169 4363 3320 5755 1473 6033 4065 2693 644 1262 1694 2263 1303 6562 4462 1907 2692 6036
41 2361 1558 1350 6009 5849 4127 5887 2756 6191 108 2269 599 258 33 3 2359 2247 251 625
1594 3300 5888 640 5307 5620 1326 2982 885 3477 5337 2350 5214 5383 1300 5893 6200 6033 3263 1029
2367 1361 4462 6310 1449 5 5474 888 1233 4389 6575 2247 4912 2880 651 4238 229 2359 3434 4911
1518 218 2223 1865 6512 352 1866 398 453 6562 6197 3583 2274 412 351 6292 3724 5776 431 8
1452 1237 512 4336 6200 6310 327 3249 2360 3573 6138 625 5104 6268 3734 2704 4342 141 2102 1326
4692 4308 5656 3 5680 1449 60 3720 2397 3734 4515 2410 4501 5503 4005 904 2360 4008 36 1540
3035 72 97 441 3434 4683 100 2806 5214 5383 3870 2374 2592 6606 947 55 5602 2051 7 23
33 6484 5573 556 1133 2186 6310 2787 37 6200 2868 1072 0 2238 1262 348 3468 4588 478 1302
4035 5318 5884 885 1297 186 1559 1866 6473 1311 2794 5615 3677 401 342 553 2724 6 3870 4189
1262 186 168 644 5907 6567 5490 6203 6775 1449 1504 132 1613 1215 251 2263 6073 322 168 8
2718 8 5428 4008 6329 1255 807 4094 2155 5610 6248 1219 1250 5587 3951 2718 4668 2794 6757 3
6261 6423 346 4480 3541 3103 4067 888 1437 3 6369 3116 2269 21 5424 1561 1670 1872 338 640
4496 619 6036 6844 4651 327 6848 4494 2397 408 3951 4980 136 2296 3435 1926 2350 1035 415 3866
1526 1247 1992 638 865 3807 1208 959 541 869 2954 1866 3068 2542 2238 6562 4919 3435 4059 2238
1723 168 1351 4100 2238 5899 3807 6297 6009 541 415 6287 2487 639 2716 3434 36 2377 1522 2236
5943 2009 635 2718 4079 625 4913 3951 2609 55 5421 168 6373 5888 1540 604 899 611 4751 28
1884 2237 6036 3 5503 2269 6186 2367 3943 2182 1594 2987 3058 1866 41 636 5822 168 33 2269
3432 1351 2827 88 2273 3263 6204 90 6472 0 6910 5260 89 1478 5318 3466 348 2045 4740 68
8 368 338 6033 1068 5402 4942 5036 6261 5424 6 2248 1017 6525 3714 1518 637 19 6390 809
36 3679 4127 1616 1037 2701 3286 2305 6310 4752 6472 6761 6255 1071 1594 5214 2487 50 1628 3058
1283 327 1511 6536 4588 2487 6472 5860 2718 1605 2215 2805 1866 6362 3813 2247 28 28 962 2862
1464 2221 331 245 3574 504 4782 1233 3464 5657 1069 2838 400 1930 3732 1326 5814 2236 984 2247
6 773 7 1302 5583 536 68 1351 2238 5854 2609 601 5215 179 5059 1036 2783 2319 2794 2718
619 5553 2238 2324 888 4005 1617 2247 4692 5802 2238 2487 3803 2880 2350 68 1568 28 6310 4726
590 354 1556 1878 2385 1221 4244 3011 6791 6848 2625 1617 1939 885 1093 2543 3917 1722 2274 5503
2351 6036 2259 69 880 2320 4812 141 1193 6354 1865 6048 2658 2191 2054 4692 5503 338 2384 4692
5950 1035 1758 1035 6895 464 3801 3714 1068 482 1605 279 3015 2718 6197 3625 892 3015 2 2238
5656 5009 2603 6472 1243 875 74 53 3606 536 168 2806 6206 4934 482 4933 1041 2236 1283 1475
3682 3917 2212 72 116 1559 2236 168 53 341 625 1750 8 1458 637 2609 2398 3724 3434 599
620 1062 28 2269 2719 619 3917 2954 69 3121 5810 8 2168 5229 2718 3943 28 5794 2954 892
3095 20 6489 4338 4840 2259 2365 3976 3148 62 5887 5459 3141 168 1036 2707 2350 3870 2720 1237
2365 2720 1221 2732 2367 686 6588 1517 1727 2805 1358 1281 323 4241 2943 6452 2238 5887 2718 6197
1504 1723 6562 168 36 640 5474 68 478 644 1248 4591 116 3068 869 640 3207 2260 3579 2247
2350 1865 6373 1326 875 5888 6036 6479 5652 4607 338 601 2346 2423 2350 4918 6283 2927 5823 6562
3435 3263 2367 3435 5844 686 619 6036 28 4483 1894 53 2427 6276 6354 1230 2236 3015 179 3678
946 6536 6449 3568 1611 4433 6310 478 2783 5881 2212 1333 6518 8 3036 1483 2166 3035 548 2370
910 6337 521 1449 2397 644 1206 1758 3263 2247 2787 6485 869 1278 265 425 415 2730 6536 1043
7 558 6562 3870 5122 92 5825 647 7 108 3532 2561 1042 4912 6088 6473 1140 5084 2182 541
1 5907 6248 3035 6373 3 6 6484 6562 1644 625 6807 2238 6 1333 6423 62 8 28 168
4769 2351 38 59 625 68 4651 1866 5887 338 6353 3434 2718 1688 453 1758 2718 36 5503 344
3678 1332 5318 4747 408 888 4272 7 6423 5656 6199 4387 1439 6171 4763 750 5383 3466 2238 640
2242 431 4670 2167 1193 5892 3251 3585 6484 1221 1280 3447 2367 5893 2423 2294 2351 1035 1866 6036
5214 2062 3 1255 1154 108 6133 644 4522 4490 619 1449 410 2340 4416 5241 635 41 5281 3809
2274 345 168 168 2238 3951 168 0 620 1221 864 267 6 168 8 453 583 2269 6 4068
5893 2247 2305 2718 3678 2215 1866 53 3579 3572 6781 1283 947 3870 5768 1866 2350 1073 4635 4692
5802 6563 976 6472 1723 947 2350 599 1644 1537 5164 3917 259 2238 4005 888 1998 1461 4008 4591
1078 625 1617 643 1383 5751 6373 3835 2225 619 3320 1767 2294 2718 644 5471 1621 3579 405 3163
1504 2397 5516 2876 6329 97 136 5797 1266 2794 1644 2356 1594 1796 2185 2396 2238 2787 68 640
0 50 4048 1006 1006 1033 5230 1302 1753 92 554 4475 6032 3734 4544 904 4308 36 1221 4891
6373 6390 6472 2905 1753 3 5943 3035 5 6757 1753 2350 1893 123 5887 1065 5239 108 5755 5887
6032 370 1250 5934 1072 1866 6211 2423 3035 1449 6627 6536 4779 1122 6562 2350 6171 3204 1598 2350
2397 1711 4419 36 4780 1638 6525 2397 1053 1572 2247 3813 5293 1753 1121 3432 644 564 1332 5825
1029 3683 619 5424 6578 327 68 635 1262 1866 2238 625 3734 3747 4241 600 1365 2495 168 2247
3592 3585 4008 6910 2263 4358 520 1302 72 168 3035 3206 2901 1283 5888 640 2747 2223 179 5824
4863 1930 867 6246 1540 4422 4475 2031 5776 8 1291 2351 635 415 326 4989 6237 2367 5910 2351
6862 408 1438 822 6562 2365 1101 6261 451 36 3720 1038 1771 1568 3 1828 5887 6481 4588 3020
0 6 2718 35 4780 2342 6481 3807 1452 2412 3575 3263 1267 129 1253 2995 1811 5893 1255 947
635 217 108 2236 4310 168 3300 1563 359 0 2794 408 866 68 3058 635 625 4490 2794 1036
6339 6811 6836 1514 3677 1068 6171 644 4461 209 3035 6761 2350 6036 1229 5582 1688 3678 1326 2501
68 8 6562 6910 2397 592 53 4326 640 5599 4499 599 1796 2293 558 3976 209 3638 168 2238
2377 2412 2794 3495 2269 4008 1065 423 4358 6036 168 0 6373 116 2319 6031 3 1243 1866 68
53 138 1326 1434 6271 4462 3917 2397 2879 6036 6 1504 5899 4865 2359 1035 1032 1243 168 2238
3434 3713 1527 2806 2238 4670 28 590 6472 6248 2718 8 6272 2024 4903 1884 1641 1413 5943 6329
2247 649 151 4593 625 6844 3166 2351 36 1787 2360 1644 3435 611 36 5214 4672 2794 1229 625
1316 1317 1585 562 620 6136 597 5820 6 3006 4406 6204 1352 2269 415 344 6472 6277 5396 2171
3 583 89 4357 6848 1068 6484 6473 1333 1093 168 6481 1333 1044 3009 374 5829 179 44 227
3035 0 2711 5214 2437 6441 1889 3679 173 3804 1036 1036 0 635 2267 6484 761 620 1228 2241
5252 1260 4335 4692 2989 5656 1490 619 2783 2267 1447 1559 599 2239 4238 68 3 5230 4670 128
5 2692 3 5276 4047 2805 4469 5537 4490 6627 5806 1859 619 2340 8 5827 1437 4725 4690 3015
6248 6848 121 349 4796 2607 6837 1475 1644 1989 6373 3184 70 490 3363 6163 1085 3015 1512 1017
97 3035 2359 1036 5348 400 5214 2215 4863 6337 760 3617 2217 168 2247 2215 105 5517 6473 1076
230 3434 6848 2182 2397 7 904 4349 3951 6882 5776 39 55 2717 1057 55 885 2191 5887 2271
6369 611 338 1215 5467 3572 4499 3361 2353 3434 6472 6294 6283 1029 453 3764 6211 168 141 6247
1620 72 338 3943 28 6472 453 1255 6206 6036 1283 6848 4069 1568 4462 2359 6419 5899 3541 1058
3466 2263 1617 625 5920 1308 2191 2727 4494 6211 5428 6036 6 1621 3006 1621 6761 6373 1866 2722
7 2199 6171 536 3434 2720 3218 625 1229 2693 1541 1562 6210 6562 5214 2747 168 3 6484 1866
1866 6238 3943 2242 4497 2365 6 2269 158 4692 2787 5399 5810 1866 3943 37 1081 5397 566 4134
1603 6261 5472 125 5370 2787 5336 278 4561 1644 60 6248 116 962 2058 82 6472 3804 892 5143
1302 2294 4683 2244 7 1282 619 5893 168 3 5457 6197 6200 5833 5992 3136 1504 5749 36 6473
5887 2217 6276 2385 3207 1764 5615 1688 4308 2508 1243 2242 4670 635 5419 80 0 2318 2182 5448
2717 6186 199 4580 1594 1341 5770 2300 7 5825 431 2718 1866 2269 2269 5223 1701 61 2396 1255
370 5881 1621 0 892 6345 5 1866 5777 4871 55 1338 2983 6484 168 6562 2367 4008 4828 4053
5223 3775 4588 2515 5796 5541 1036 5541 3358 5755 2787 6329 2350 8 1255 1644 2215 415 2487 2238
74 3318 5497 4374 3092 6036 888 3263 36 28 3477 6 4238 341 2350 2609 2711 4308 2267 4497
3939 2954 2881 4727 5823 2995 3975 1282 6484 6422 2360 925 453 6484 6248 1024 74 3331 342 2779
5214 341 5769 2397 1237 6032 2397 2410 435 5038 3931 1233 1646 2367 5866 2215 4010 4138 640 6481
2397 3394 6240 2308 1354 1909 2718 2367 4026 5164 3013 2794 8 345 354 36 611 4751 2359 722
2806 5887 4490 28 36 6458 2342 4171 2647 1386 4357 116 1621 4073 2711 3943 1866 867 5834 1594
536 1559 6312 3500 6197 4727 5459 640 1670 1884 1808 2412 1504 1203 5017 1313 1061 2978 1876 6369
6472 74 2350 1036 2397 6211 6423 408 0 925 1338 1308 6848 1969 5899 3208 4007 3256 947 2214
1753 2350 2718 2359 1518 6211 6575 625 5206 2215 3435 2330 2868 41 348 3435 397 2247 1018 5887
2508 0 4035 2195 6339 599 74 1493 3050 3498 2298 6473 611 3624 2920 887 2122 2359 6278 904
625 60 1649 1262 341 4441 478 4238 8 2169 3809 4670 2794 6665 880 6249 1802 3682 3032 5905
2058 4728 2359 2718 8 6304 6206 3 46 4733 3482 3803 6442 400 1437 4752 5317 6324 3435 2488
6757 5787 235 2473 1605 1043 2473 6036 6373 4073 68 1705 3572 6373 4670 2367 6578 2546 1930 619
6472 5421 2508 5610 2359 0 2215 2247 1247 4114 5541 1672 2508 3035 2359 326 1484 6331 6562 1326
1483 5052 599 6567 5317 1927 2234 108 2905 2719 1753 6126 3952 5907 1767 620 8 3532 3241 1221
6608 2350 168 2238 925 5321 2221 5866 2546 6403 4939 1233 2877 8 2805 42 2199 5794 2384 2791
2805 327 6238 2322 5938 2269 4591 867 1250 6312 2350 3724 3009 3509 1058 35 3619 6248 1283 4050
866 3382 6171 2412 4371 478 6278 6233 2269 1246 2247 1778 875 4504 2212 2351 2964 3976 4638 1050
619 6 36 6485 898 5779 2609 2071 1523 286 625 1252 2397 707 478 3564 209 8 5253 4973
5887 2215 2351 128 3734 2114 327 5459 1867 2609 6472 2397 3951 3046 6848 1071 152 1562 4505 693
619 5755 5825 6484 2269 55 152 3206 6848 21 3737 924 625 1675 5221 4727 2263 6261 6693 1303
6485 544 1145 327 3917 604 3211 2794 2913 2504 4752 2592 3537 5887 6248 1243 625 2806 601 1769
3564 4532 5564 635 1931 2269 6036 5893 2350 5214 5517 5724 4397 2169 2340 6 1912 2661 2365 1894
1634 74 711 4840 2324 5610 2311 4498 3 36 1033 344 1449 4336 2787 1097 867 4241 189 345
6293 1503 5749 6910 5755 904 5887 141 5045 2340 1036 962 2952 347 2905 3585 5978 5814 581 1287
2350 6239 74 415 711 2145 2188 2306 4891 2787 6434 1437 5370 3677 1504 2894 2238 3678 4823 6036
15 5960 6248 1866 6657 2954 2426 72 168 1537 1262 625 1870 1866 209 1824 1351 5015 4725 638
2211 6665 887 2718 3472 1122 2350 3418 1866 5230 6533 390 2905 165 6434 1638 625 6197 6726 4727
2423 3930 2356 5812 5321 1811 1322 4731 5214 6186 1483 4725 1350 5843 5483 2455 8 230 1864 6
105 1630 36 5916 4047 2247 2269 8 1758 2351 4913 1326 2819 415 2360 6197 4840 2925 2263 72
5610 28 2238 4490 1035 6696 1968 2269 2238 267 4171 647 1753 2854 5221 6186 3713 160 4909 1670
5796 6344 1616 168 4752 4727 2718 6848 3435 887 427 2367 6200 2423 1333 1672 875 1866 6294 4863
6171 1035 6910 2247 6632 6206 431 659 2794 5788 4752 3 8 3723 4326 2240 5768 1237 1541 619
4483 2002 4455 408 5842 1438 138 5441 1930 53 4958 2237 6848 5517 6031 5214 6292 3169 686 4053
1280 5053 2188 6910 168 3434 2324 5770 1876 6562 2422 6091 6211 2365 625 41 773 74 5656 3340
2158 1872 6590 892 2166 105 599 6563 145 2372 1046 2269 1644 1682 4500 5961 575 5610 4462 2949
1884 6562 408 4591 6031 640 2397 984 1036 5776 1032 6484 6248 453 1927 6481 5214 2365 1490 4304
1038 526 1691 6484 6032 2178 3755 3860 72 60 6088 338 75 53 338 2350 6472 353 5325 768
1644 4990 4830 3447 344 871 1643 1262 5757 1537 601 2350 338 3813 3683 0 8 6525 5214 1764
1626 326 3241 6171 2412 5887 6310 1035 6403 6206 6036 1235 4826 4801 415 2359 4096 3039 2267 186
331 1280 866 8 388 1300 6197 4864 6567 3495 3274 3035 6329 6036 338 1980 1504 1726 263 141
1866 24 305 6693 3015 2247 4079 3434 6186 2794 6248 6248 1594 53 7 6364 632 1641 6036 4241
5815 4891 2214 6469 6 168 3 6032 3724 2238 0 1248 1676 1251 3804 446 6260 5503 2350 6525
402 1859 3972 4913 68 2238 2924 3434 5887 62 1033 1056 199 2234 2237 1723 50 29 2787 4997
6310 1682 2543 1484 6036 4670 635 24 5888 1617 892 116 5337 875 6423 3028 168 3804 4591 4008
1594 1045 2091 1988 1029 5252 1316 3584 5899 1403 426 1927 3382 1210 475 2636 640 4272 1483 3971
1511 1447 82 2351 28 974 632 478 4428 1688 1237 168 2718 6171 2787 5724 287 2351 2182 2880
6369 4729 5807 3008 4003 6310 338 53 2794 2397 1302 5441 5610 97 3479 431 0 7 1046 2359
5441 4047 2717 622 3024 1865 1950 3035 2269 28 635 1915 354 3015 4588 5221 2181 3965 475 619
3434 5214 3734 431 1767 1221 1038 644 6142 2318 478 1262 2397 2718 625 1110 1904 6369 6276 5319
7 599 2263 4670 5214 2622 1250 141 2418 1808 341 2849 2294 1035 620 2401 5992 52 1866 2238
5729 2397 4483 2247 1036 2274 2237 1221 3015 6 1437 4 3435 1802 6036 1121 1616 4494 1778 5762
348 60 3238 2238 1302 5041 4312 1866 592 2717 327 3369 4500 3885 2718 2269 3183 892 6101 1249
6197 1379 2303 6197 4288 2794 2350 2247 3015 2238 5 4501 1262 53 1654 2360 3450 5398 1221 2238
6249 5503 338 451 640 1025 3475 611 6197 3813 2702 6 6036 1128 28 4830 4727 2241 2222 556
2692 2397 6593 2609 1437 2215 3803 3862 1617 6578 72 2247 1262 2236 2351 644 1230 3435 1643 7
28 2254 29 1017 3092 326 6211 2908 2247 3263 4544 4358 1496 36 4197 1884 1723 2856 1579 1502
256 1611 6147 6354 7 2880 2718 5214 5825 2397 1605 1732 2247 1676 3165 6036 0 2237 4392 116
2254 2294 4839 947 4532 4780 1302 53 6171 6 5887 1537 2610 1290 1866 2238 2314 5348 1808 946
6390 4728 2473 2397 319 2329 2693 3730 6562 625 6527 6 6848 4706 2805 5805 122 4919 53 2707
3015 4198 2274 6757 2350 6 541 6525 2360 2155 3435 1215 1072 1262 5907 42 892 6206 599 2434
5503 3959 2397 3127 707 8 60 2959 619 3035 6197 6003 6171 2423 3737 6439 341 4141 6562 1237
1 6422 415 1813 2342 5267 1693 168 2350 3435 6910 338 6562 1033 5214 3682 6 4005 504 3678
1308 625 453 715 3281 1291 6761 1205 4371 6122 875 168 168 3 1504 453 1078 2732 1203 116
1785 6665 3 5680 23 4197 0 1036 6807 2954 1594 2182 41 2508 3679 2954 5023 28 2718 50
625 6627 2269 3723 6472 1121 3469 6369 4665 2732 6814 1262 2924 1866 3 1243 4751 6204 200 1723
865 6009 1726 1758 6472 1611 888 644 5516 610 1072 6362 5 867 1719 4371 4670 68 6200 6036
82 2238 2167 494 4008 536 2238 3927 4691 2342 4933 6484 3 400 2794 2215 1237 5893 2720 1025
2214 1251 644 6423 5348 6780 59 6262 3 2718 3263 2238 2397 6031 620 3979 1255 4376 6036 3678
4891 4727 4901 3946 6562 3 116 1333 113 6390 2954 601 3434 5214 1723 23 1023 6562 6372 5473
5454 536 6283 236 105 478 2112 338 2274 1890 6197 348 636 6031 2987 5467 6757 1617 3724 2333
5825 6627 947 2051 68 640 8 1517 353 2922 5842 5823 478 6319 2115 6472 3263 6310 2609 2401
3092 327 1023 2924 2212 4336 2254 6626 2215 644 2934 4751 2794 887 5293 168 2269 4840 6606 6848
6278 5119 1438 168 2238 8 2781 185 6781 381 6 2397 60 2609 4865 338 3475 1372 1528 4312
3951 5837 2259 2397 3677 6211 286 2717 3679 5 319 5825 6369 1998 2351 1522 2341 6848 2241 5053
1980 286 41 1024 5779 402 2067 1785 408 28 2223 5887 5214 210 600 6403 1037 888 1006 5393
327 3046 1808 5861 644 3969 984 4462 2783 2 319 2910 2718 1866 3435 1634 2787 3068 36 5314
5561 1036 2805 904 456 6033 4469 6036 338 6206 599 2636 1505 5860 1694 431 4336 3682 3726 1093
494 4121 2169 8 4909 1068 63 1038 514 1286 4469 4008 5214 3498 2299 1511 562 1511 2752 5610
5084 1072 28 5768 1221 60 20 1779 2242 36 62 3598 1302 2718 1285 210 5214 3300 2215 2365
20 4826 2311 6354 3678 6441 1107 383 342 3231 1641 5614 1601 6188 5860 1250 1437 2924 6248 1352
1496 2423 1559 68 3813 2324 6 2238 3813 4304 2952 5881 480 1038 5885 2053 611 345 6 3015
3471 1759 6248 347 5377 3724 408 1449 6562 2359 6292 6292 2351 2718 1283 42 4177 4541 2054 5318
1813 4008 5459 4238 875 659 1682 1333 323 2404 4670 344 5221 1356 611 55 3734 5224 1030 1644
3720 3951 6390 6562 5842 5887 6014 352 0 5755 5391 6033 3917 1193 4475 2212 2342 3008 266 6527
3434 168 179 3801 3434 2350 3320 5893 2238 5887 1559 1616 6289 3207 2217 1638 2238 2678 4919 4751
5041 4118 5223 1877 338 1320 2856 8 37 2290 6296 4468 358 2350 6562 2238 338 4469 1927 4561
2697 636 640 227 1326 1463 5294 5503 1866 338 3231 1589 6221 6536 6294 2350 1478 141 4053 4990
2487 215 5336 2324 2794 3 6562 431 341 2520 5866 6261 327 3410 4912 4913 1447 1504 5823 44
3479 724 2269 4035 1101 6197 1537 2290 451 2783 1523 3904 2215 1796 3121 2576 947 2747 6848 2360
1256 619 4670 3344 6248 6036 8 1292 6665 1221 2675 6255 2413 2318 3028 4538 2730 750 24 5623
72 521 5561 1605 4675 4106 19 6417 5038 3090 541 2805 4410 6031 1033 1271 2274 771 5348 6563
1672 1215 3493 6171 6484 2717 2704 4757 5599 5451 5223 1866 4779 3587 2351 2826 827 6578 1753 327
789 3006 4803 6186 2487 1262 2862 6823 722 2324 6 5579 925 2190 4751 2350 327 2247 5845 6197
1099 1033 5799 2949 5398 1502 4460 2071 1519 3895 2269 6032 3044 2351 5230 1278 5887 2398 4326 1437
2787 6036 2350 4110 1771 2806 327 2397 4863 2697 5610 1727 4154 5823 3724 562 158 4751 74 3068
1018 5582 3564 5457 1576 45 338 3241 1219 41 1653 1562 456 28 2247 562 8 3564 3723 635
1884 3734 4342 4934 3189 460 3923 6 6562 6036 1036 46 637 6 2371 540 3400 5724 4190 5269
3068 2410 6 6171 6036 2351 141 1297 4840 23 4674 773 36 408 2247 53 2732 341 2783 1038
478 5656 4416 1032 5887 89 1502 2238 5225 2257 3263 2224 4751 1247 5820 4990 1478 1326 354 1354
37 1506 635 5614 13 5757 4751 5623 1037 369 625 3606 640 601 5899 302 2237 1674 3724 6197
2359 1644 773 3581 3435 4321 400 2856 544 2894 5370 1243 3263 8 3383 5887 892 6859 45 4434
1559 5887 3034 2274 1353 1559 6197 1058 141 1250 874 454 1723 1237 4989 5653 1062 2238 3363 5767
6472 3624 984 2247 892 2609 1561 4557 3862 1017 168 1036 6372 2397 5876 23 1870 57 871 4008
2238 3434 2794 6 4919 887 5057 5749 6484 1333 349 2303 3728 6 640 1302 6 68 1605 4751
4747 4698 6255 75 132 1255 3434 168 3804 3737 1148 364 4546 6197 4696 1537 2493 168 5348 2116
795 6369 2359 3 36 2350 327 3035 2351 4326 892 3683 6562 6562 5383 3605 2365 4919 3434 4326
4096 3369 251 6792 4094 1628 1035 1035 632 2717 6197 68 5 4490 3 5887 168 338 6248 4751
6525 2423 867 6831 5887 4840 0 625 6267 3363 4332 4061 6339 3679 2350 2397 1866 168 2609 1238
2862 3820 5975 647 442 619 338 520 1221 1247 5823 590 562 1326 2269 6310 2707 6373 6036 5441
23 3525 5230 3117 3363 536 2238 116 2360 3286 2515 566 6 5887 1496 6472 431 887 4209 6781
74 3720 5045 6171 925 544 4177 892 1753 1243 4371 6276 5892 146 1093 2234 4736 2422 427 5832
5214 348 2263 2360 2939 2207 5524 1867 2806 625 1643 5214 2488 2236 5825 46 556 1595 262 2488
663 168 327 5887 453 5614 3 2274 415 1767 2423 36 647 6578 2051 195 6036 4497 2342 5485
3951 521 3804 2254 2401 2849 1890 3494 1018 3363 3768 2182 2212 6373 50 2350 644 2794 5348 5042
36 3679 1326 1205 3774 6848 4333 2268 2806 8 3477 3972 6472 2024 2226 6327 5954 2165 892 5214
2752 2169 36 1308 892 2377 146 5928 455 1232 2259 415 537 186 2612 635 676 4751 2274 6138
1076 1880 2340 2359 4005 7 6773 2052 2678 2501 2487 2794 1601 46 4468 984 5071 4501 5870 4059
573 6050 6032 6 2247 1025 627 3679 892 4197 5999 1796 1102 6370 3349 2565 2791 3403 650 1764
2717 1751 6 28 592 4443 369 1233 3220 156 3734 4871 4769 6197 1077 434 5950 5916 2247 59
5943 1894 1224 1910 6 1577 6511 2238 625 4335 2247 3 984 1248 1354 5164 3917 475 6433 2274
1504 4981 6837 3234 1675 2430 4692 6627 2982 1267 2024 1767 2880 1233 4014 3951 2922 5412 644 1100
604 37 5755 3575 28 4753 2403 2350 4241 5463 2226 1870 2756 4769 2949 3944 1787 925 289 663
4008 1449 1081 5958 6910 348 2207 3435 1078 6562 2350 625 6204 1442 4691 6078 2398 6484 168 3015
5424 6095 1778 5823 536 6 2952 6848 1611 5622 3734 7 544 4725 6283 2794 6278 4031 6197 397
2238 3711 2609 709 2 2862 6436 750 2359 1802 331 5770 6498 342 591 2924 3951 6627 6329 6197
2787 1093 4840 540 3682 6417 1899 1869 1358 6627 1891 6122 2222 1594 46 1810 1029 3256 108 33
1053 4389 5463 6485 5318 3418 6578 528 4670 6248 2794 6283 6278 173 1950 1365 5443 4668 5564 33
760 5387 5812 33 2247 6324 6484 6848 386 5614 904 947 5776 2437 597 1867 408 3696 6848 2182
1326 4794 352 182 6334 3363 2240 2350 913 5370 2259 1504 1267 3685 192 2359 2350 6036 4939 5494
4092 3678 6171 640 8 1867 2658 125 1036 5118 1262 68 880 5826 5768 2426 5614 625 1688 5796
313 5615 4413 4110 4604 566 168 5516 6029 1140 654 53 1723 2787 400 2294 2243 3015 2954 141
1072 2509 3572 3006 3738 5431 6160 640 1255 1478 108 1447 1375 2396 107 3015 16 266 1874 210
4731 1615 6278 5845 1660 4670 5816 2112 2290 5339 4737 2732 5301 3173 3202 2805 4335 342 1365 4238
2179 1605 887 1044 319 6048 5473 1866 1457 2238 97 1291 2487 5755 573 1751 3341 3513 3 2954
2241 4328 713 6289 4670 566 3804 1821 2242 490 3734 1605 344 608 4527 4197 2462 5887 8 6481
3434 1223 5845 595 4475 230 5055 5320 368 1660 6590 2486 2215 6373 3031 6233 5059 346 1484 1015
1033 1811 2009 6761 4763 635 2787 2787 4490 1859 4674 611 327 2350 5887 5071 640 2717 1333 1311
2410 1231 5230 2269 1449 4849 5887 1644 4783 4335 5770 68 637 6278 1620 4670 28 4048 1847 415
1813 5826 867 2317 1866 2544 3035 2247 1504 1866 1286 2259 2350 4508 1941 2353 1192 1255 5820 1866
36 344 6200 942 6892 4728 168 2718 2711 3678 1796 1366 3015 6693 5223 6171 6484 4752 327 6431
5396 6267 3969 875 4326 2350 2732 2720 4691 1615 151 0 2247 5542 1025 4730 1526 610 5398 2002
2247 6036 632 4680 3204 6353 3678 6211 108 6757 6472 168 6033 3009 8 1244 253 116 2954 2926
4692 1257 2212 892 1512 5829 566 1617 90 2350 3435 5920 6268 3239 1828 4008 1023 0 0 6239
1033 195 4008 327 3723 33 1036 4100 23 1634 6197 35 6479 5726 6371 1481 2236 604 2116 1826
2240 5371 3930 1617 1255 2152 482 1866 344 3 1915 1437 168 5541 5802 2879 6369 109 2226 3263
556 1617 1866 2350 6481 6278 2067 2263 910 5916 1605 5916 6033 685 116 5282 3678 2269 5899 3070
1115 2213 2247 1208 2718 2359 6562 5893 344 1785 5393 28 28 5214 338 4727 2041 36 4751 1449
2658 1722 3333 686 4096 6186 478 6079 327 41 2238 327 6200 1722 28 68 6761 5225 1427 6312
1036 6369 4674 434 415 5694 6373 6237 2169 1908 8 2350 1068 1326 2487 2374 2303 1243 3 2787
2238 892 5539 628 1528 5419 6434 4197 2415 1859 2099 5210 3012 20 2762 817 2628 6525 3035 3434
1250 1036 3039 1029 3557 327 1249 5755 640 6419 3951 3274 4325 72 4326 2856 892 6536 1215 2305
1975 4675 6904 3965 3795 1123 4815 168 3951 6421 327 6512 6186 1634 338 2949 391 2350 6200 6136
5516 811 5276 597 2787 1493 4209 1278 2718 5315 1208 116 1093 5887 2238 6481 4544 5858 168 6197
6472 1061 3397 34 168 2718 2639 6484 6562 344 5383 6489 2247 3361 3929 2509 2427 340 1723 5943
4468 4508 3435 2849 880 5018 1237 6484 1283 4728 3 1249 566 2009 6292 1950 1072 3951 5467 6373
168 6562 2806 44 6089 975 5441 1670 947 128 4780 3434 344 4293 5414 431 6369 548 6484 2805
2238 3341 2047 50 2718 2351 3734 1907 319 5823 6484 2718 2303 4336 597 23 69 3434 1348 2384
105 6258 3951 425 541 3286 1931 4544 1260 822 2718 1889 4751 338 168 2787 3249 344 6481 1333
20 5506 5893 6197 341 2718 253 200 2238 124 3587 338 6417 182 4433 122 2274 3548 3008 6627
1504 6050 5653 3711 2238 4325 602 3263 3434 6 338 1210 1568 2359 5223 3990 2181 3125 5071 5416
327 1356 597 925 4902 168 346 3369 2365 1029 5214 2236 1247 1366 2350 28 3734 2365 1282 1006
892 3032 644 1866 3 2215 1950 74 4008 5888 6481 3682 1475 6910 3 599 6373 2880 6369 5301
635 199 2148 6255 1927 2236 1228 6248 4727 4990 3434 431 1026 5317 68 2237 5887 1326 1615 6369
68 5421 1326 168 0 2350 1283 750 8 1863 3231 1927 4529 1802 2324 4008 3557 4490 182 5034
5652 207 4475 5245 3606 904 5348 3435 3229 5755 3 3724 230 2397 3624 2259 2697 1503 5811 120
2052 2361 1526 2625 4751 6761 5887 1283 4475 3896 4005 1634 5978 4008 640 3107 892 6527 5318 2271
1874 408 1302 619 2247 1998 2182 1326 2269 1617 2247 1511 6275 253 5797 1322 2367 6512 6311 1622
5693 736 347 2238 1605 2718 3183 412 46 1990 5943 2787 1215 397 2359 4591 8 3231 6434 521
4309 635 70 635 4326 5223 210 2609 6273 1043 36 3679 887 3015 451 2768 28 82 3804 168
478 750 6141 4826 3 2238 3734 6369 1519 2166 3035 3678 1437 625 1621 2269 2351 2862 1877 4005
2167 2303 3320 59 60 6248 1701 6422 1243 1866 1617 3263 5755 287 1193 887 5749 1483 1568 2237
2787 4047 3724 5053 4430 5018 6312 892 5879 4757 3363 867 305 6237 5887 338 4292 1656 5317 3518
69 36 2423 5887 192 5322 1230 887 3566 3917 2212 8 3320 644 1262 6 1071 2308 6848 3477
105 346 1075 3035 2365 5210 6458 1813 5724 1447 1437 6562 2350 410 1220 398 340 1057 5454 5879
4505 2510 1038 3394 4190 3068 2834 2423 1308 4727 6050 168 1229 541 3341 2515 1796 5321 5656 5879
6369 8 3435 6310 1036 138 2350 6848 28 2360 590 2718 415 4082 3434 2371 2350 3 1654 2488
6484 6481 5348 1018 2269 8 2794 536 6 2324 1893 1339 498 2226 4333 4005 6533 345 2212 566
1504 73 5214 2856 4688 2794 3 4505 3 408 2324 3804 1866 3231 2215 3434 1594 36 4461 5797
1802 1287 2787 5610 1326 3724 5935 599 3513 8 2351 2374 5833 4642 1029 6033 3065 434 6033 72
6458 4171 4990 6333 2949 1912 1033 1767 3361 773 2269 1308 2269 2978 2862 1437 44 2402 892 3734
2609 619 1642 1255 888 1403 4358 2269 4008 2827 3801 4241 2177 4154 4670 1594 182 6848 36 74
6472 1458 1723 865 8 6313 6472 6458 2706 6434 5566 4692 5747 3067 3724 3747 2324 1621 6171 1506
186 344 1036 2535 415 1872 962 5318 8 3337 2976 4140 2954 2351 6369 2238 5887 2350 1866 105
3724 1899 5324 4865 5610 6078 5623 5578 1193 2732 402 2049 168 1044 5549 3434 4670 5845 2877 5503
6312 1866 6434 3029 476 82 6036 59 4335 1682 3720 5214 5459 106 2487 6562 2350 2926 3433 1605
4830 6237 338 168 2423 6344 3566 340 878 41 2952 5339 6575 2367 2403 2053 1537 1865 2298 1237
2787 5325 4052 20 186 5726 224 2324 376 327 2247 1204 319 3946 1302 6036 3951 1171 3012 1025
1433 6518 327 6427 5221 4682 1221 186 4008 6186 116 1042 3543 2238 2949 5082 2351 5214 146 2473
5901 1162 345 983 8 2199 6679 1563 342 6350 4591 6472 5777 168 168 2269 4725 1029 5866 3363
2805 327 5582 1237 319 1504 3679 866 2269 2262 109 647 576 3619 625 4240 611 3683 46 1654
4047 388 1271 1723 348 5084 640 892 3199 1644 327 4326 3095 4490 6197 1641 4008 4727 1058 1298
6248 1033 1874 6475 2361 546 1594 3092 4501 2488 6472 1036 3724 2488 1688 5294 1025 6459 2101 3606
327 2169 5214 635 2509 1617 8 637 3720 4591 3032 1813 168 625 5755 3012 2747 1025 2483 1072
1018 925 2789 72 408 3724 2308 6848 1043 2360 2384 4731 408 1828 3434 635 6075 731 4008 5887
2952 696 3724 4780 2718 68 327 1255 348 344 1611 55 6 97 1277 2826 2236 6248 4336 627
4658 3714 707 6434 962 5318 898 1877 385 6536 6249 2305 2187 5887 4868 2099 6171 2794 1884 4621
635 4725 1274 1764 4840 619 107 6248 2359 4308 3 6036 3737 6117 1866 6458 6525 540 3793 3564
105 6339 3714 5572 2692 1961 3617 61 4567 3341 5227 6390 2692 426 408 1776 2242 4880 3575 1894
6197 656 4580 344 2371 3804 6472 3606 2787 2214 3032 6100 1449 1288 650 1068 2396 2215 3943 2371
8 398 2954 5887 6627 619 6310 4005 4548 41 6 6186 2423 5893 947 6562 947 1767 2787 2949
1504 3286 1215 5041 1713 1068 3 5825 4209 6644 4008 2191 2215 5261 978 6472 168 2397 322 6292
6627 6527 3917 6206 1320 6848 3382 6248 1239 382 1511 5842 5887 327 5325 3015 5214 6361 138 2794
1199 1866 1193 1868 3561 3243 6097 71 3574 6360 3341 556 1504 5887 2473 5318 2745 4751 1866 1496
2303 3598 5893 6472 5610 3434 28 2271 5610 635 3475 5815 5 6 2214 2455 3801 2565 6473 3491
1199 4725 4901 3263 6362 6089 408 2238 3959 3951 326 1894 53 2351 2237 4008 2269 3951 168 5325
1100 4289 6588 4304 8 4909 2238 6031 2885 721 5214 1636 3434 2794 1594 5497 3495 2794 6472 1068
2800 5104 4868 627 3605 201 5885 5221 36 2238 3860 1600 1198 168 168 3477 4971 6127 3730 1029
5823 72 6512 6562 0 4751 3 4727 3382 2787 3624 3587 2787 3263 1025 1866 3035 1865 2544 141
3435 1322 869 1023 2238 1029 345 4990 5240 2359 1036 4068 5916 1894 374 327 4197 6878 1742 1866
4902 36 5214 2787 2342 1124 214 5804 4469 3238 1674 6310 2787 402 6078 6372 6238 5471 3720 6472
2247 6261 3713 5844 6879 478 4321 5318 4024 2924 1035 168 251 5796 6562 1029 1437 2377 341 3732
1594 146 4358 5844 105 2827 345 4725 6373 28 4244 3977 1262 1528 254 1865 6590 327 5225 4933
6879 2514 0 6 1865 3035 2662 426 3793 5950 410 3435 4883 3951 4380 1283 2350 6390 750 1326
867 1855 345 3010 3775 1641 6481 761 2675 0 6211 6696 1193 4681 6472 2242 5494 1447 6562 168
625 4053 2901 5913 5893 2543 1856 6186 5887 3677 200 5319 1044 5854 2167 2794 599 984 6390 3
2423 108 1308 5118 2105 6761 4913 2731 5318 6030 2242 1880 6036 2350 5757 1811 5724 865 2226 4262
5656 2718 541 1303 5396 789 1042 1444 1927 6283 1562 3318 5630 1308 2397 6512 4942 3677 2732 734
1603 5551 663 707 5726 28 1621 3 168 1594 1093 3286 3464 1262 400 5857 1630 62 892 2242
1528 2318 199 4127 2794 1503 5770 47 1813 1866 1036 218 5214 6248 878 520 2987 570 168 116
1237 592 876 3802 2784 1504 5887 28 6033 2342 0 5 3453 1541 6083 6369 3814 5 1894 3935
2452 6353 305 2805 1541 3677 1470 1029 875 680 2784 3513 2165 3015 2165 1893 3941 338 6122 1292
1688 2533 226 865 1503 5 3015 6484 4490 1921 1333 1219 2350 3207 647 974 412 326 4995 562
6627 6369 3188 299 612 2351 4289 5599 975 6259 3012 6819 1456 186 4903 4336 1025 2350 1866 4005
1504 1029 1302 1867 2259 4026 2305 2360 2718 2351 2361 4588 2319 2258 72 6 0 53 750 4092
69 345 2359 1504 70 2269 1221 37 1208 4241 2182 1764 1830 1193 3861 68 768 74 168 122
36 36 36 431 3990 5694 2365 2182 892 1130 327 2427 1260 6484 2259 4871 5757 866 1884 2862
5512 6354 2348 1796 6590 6033 5887 2849 6757 5777 1594 6287 3434 168 6562 1036 2238 4752 1653 3931
7 5900 1504 0 5823 105 4593 1023 6472 2242 6036 72 3477 3169 6757 55 892 2238 1036 2367
352 2312 4615 1255 4899 3466 644 3587 6562 28 165 6757 2308 6331 3498 5223 6533 3803 810 4891
5223 876 5656 59 573 1628 4971 297 2805 3341 3035 8 6855 2267 887 1526 2747 1866 892 5393
5866 6562 8 899 1559 2191 1195 1767 635 1283 35 5236 3 105 6472 1065 1025 581 6298 1097
1285 68 4751 1866 2247 536 3434 5899 116 2718 1032 1029 2787 0 5888 795 3779 6369 4691 6437
1294 4469 4371 1193 5635 278 4462 2324 74 2178 6887 4670 5894 1068 36 4779 6862 168 68 556
5214 6292 2545 3679 6310 2732 1030 5757 2236 168 60 6644 1438 2396 1891 619 2849 3035 6369 2364
74 637 90 6627 865 6562 6562 2718 4747 3751 1038 6505 2546 6837 3587 5804 168 0 6197 6602
1253 2167 6373 4901 1723 97 431 1032 28 326 431 888 536 6627 734 2806 3624 2921 5823 8
3434 2787 3564 5943 319 1250 1243 6910 1489 413 3804 2308 3951 1033 3435 1982 5503 97 5724 1114
1231 5084 168 0 1237 1764 5901 1220 146 3434 3 327 6214 2155 168 892 3952 3134 1246 2397
116 6369 1292 6728 1727 4901 5901 6472 3931 4371 1526 2924 3 1723 2238 2789 541 5516 2716 6848
6312 4556 6403 1562 4608 975 28 431 416 1458 1292 6501 1517 2212 186 1813 1018 6 2806 2509
5421 5118 5377 3734 1776 875 1313 13 1041 3896 2722 1247 6268 6481 331 2949 5877 6200 400 947
1017 2238 1528 6685 403 355 6294 5221 6373 2976 4745 5610 1354 3917 37 6354 3931 5795 92 1594
2732 619 28 5074 97 4490 1691 5764 36 2269 2247 77 5504 2182 2170 6354 1503 107 1036 713
536 6485 3256 575 2191 346 1333 925 106 4008 4239 207 6761 6171 1813 540 3712 2105 8 5844
635 625 2905 1035 2473 2247 548 1909 5842 2215 892 3625 6032 6373 3870 625 2819 1302 6031 162
1458 3793 4535 2787 2934 1267 651 3734 3576 5318 4958 6403 2238 3435 6682 62 3 1093 5503 4008
1509 1866 5814 637 2371 5547 1617 1017 2806 1449 3943 686 1133 2009 1605 1562 1101 3566 3704 4747
8 4510 6373 5656 1121 1085 141 475 5214 6627 4865 6200 6841 3724 84 1621 5842 4591 3382 1333
1 5218 1866 6369 3466 1230 3263 2718 1281 120 3657 68 0 72 3678 1764 925 5610 2794 636
1859 3330 2787 342 2350 5824 925 3966 5028 2006 1518 6533 2238 3747 4400 3802 1693 715 70 1352
362 875 5881 3 2303 97 3035 3 6761 0 2784 2360 4911 2895 60 3397 5656 2247 6791 2350
327 1481 2169 1621 2214 6851 97 5749 904 1438 3952 2230 6186 5223 74 547 3261 1437 1044 5835
5370 116 2365 2280 644 1580 635 644 3340 3472 1064 4495 5474 5610 4326 323 2952 6848 344 2191
2350 6369 4990 548 214 3455 5516 20 6514 5421 2678 8 2236 2238 1326 168 2269 3015 6390 2215
1691 68 327 904 3015 2215 41 644 6390 1417 5 8 2562 2269 2215 6294 3734 5453 2350 1982
2787 6079 2351 8 4511 5214 715 2422 5038 2692 2360 2697 1268 1065 2238 28 6472 28 5214 2054
2413 6484 6562 3896 6910 2169 2236 1504 2783 370 6910 2269 6033 1866 6562 3015 2402 3361 15 2269
2247 2427 2215 2238 1562 1690 2263 2794 435 865 4468 2949 74 338 2533 4350 478 1528 5337 72
2350 6119 5823 114 322 1882 3236 3053 1785 2954 3625 2905 4691 1080 4796 1969 1915 6473 4198 484
3249 200 3203 3617 1098 6558 4238 2694 5950 3682 4295 6484 6627 2360 6481 5610 6186 1287 1894 3496
600 6525 415 2340 6 2397 2787 6327 1496 1215 6294 875 59 5052 947 6 2236 53 2237 6310
5724 5383 4074 2179 2787 925 1807 415 4925 2210 2410 2397 2862 5318 923 592 2350 6472 1644 359
5825 3472 2678 1891 3724 2412 2350 4919 53 1352 1496 4289 5377 3435 2431 1081 4483 1720 4932 6197
8 482 6481 1277 759 2397 160 2398 5768 148 943 640 4605 6197 2360 5393 1449 273 1035 2535
5382 6241 1326 5 1036 2169 795 2785 1634 0 6036 3 5777 2199 1866 2794 5223 68 1032 55
1802 1605 3951 1894 5610 2269 4462 5757 5214 1537 2105 2166 2359 6472 1877 3557 6372 1764 6484 5214
36 5223 2550 3035 8 6780 639 4132 2694 4823 53 3008 4392 1036 1478 635 4017 2312 2906 2609
146 2768 1865 4132 6171 6036 2924 326 1313 3724 1280 1032 2856 2370 478 1620 3579 141 2350 5503
5461 508 4500 141 2423 6 88 2182 2267 6248 5614 2247 385 6451 5387 6 5724 3804 68 1528
1865 6272 5587 1867 1035 1073 1605 3 36 644 6481 1024 3943 4849 4008 3203 1248 5837 5214 6519
36 4661 5893 1866 5755 1894 4488 36 663 4325 1573 434 3029 6562 2215 640 6216 4751 478 6320
625 4501 478 3341 6091 2350 3870 3235 3479 1378 1528 3990 6712 6848 1018 625 1796 6294 3498 6473
4325 5370 3 4544 6563 4065 5009 2784 344 1866 2359 1605 1890 604 3015 6 2360 6087 817 5235
5503 4289 416 6876 2791 1036 6036 1262 6310 1688 2351 6484 3435 1653 892 5823 3116 0 6171 28
4891 2384 1238 3447 6329 5887 2976 6430 1371 25 5843 6320 5293 888 583 2259 3435 6293 368 2515
6171 1591 1238 1528 8 3008 146 768 6814 6882 1081 3678 1038 3723 6292 1229 6848 902 28 1283
5825 6627 2340 7 5419 4989 1253 3359 2783 25 3734 3044 1828 2212 3 3683 1473 5210 5692 4794
4522 28 3241 751 1688 2351 872 1116 3249 435 1659 6036 1439 4965 6275 2351 431 5214 4971 1036
3068 795 6780 1326 2975 874 1527 0 72 925 344 3638 2902 6186 1333 6848 28 6211 4408 3090
5901 1828 435 478 3482 1960 6627 6186 4051 2876 3125 1193 72 6472 2628 6910 8 611 6 2351
376 1605 3737 923 2269 6848 2330 3931 3008 62 6 1594 3734 1634 707 3 1641 3435 3020 2718
6310 3015 3341 5797 6369 4868 1628 3941 415 2300 1069 4475 2236 3801 3320 1035 1866 33 55 2545
4209 3434 3274 1263 2487 33 2238 636 6836 34 4692 6390 3931 0 6186 4289 3320 3917 2237 1594
1605 1231 2396 7 1406 2806 1326 1563 3730 4267 6379 3434 2247 773 2191 6579 6036 3951 4901 1638
2718 0 6473 1866 3575 5724 2525 3010 4913 6313 2242 8 3678 2054 1693 6403 2350 168 6 28
773 1865 213 5752 6481 4588 595 53 2058 3068 5030 625 4501 1145 6481 1688 1269 5104 6311 5944
97 4618 3747 5886 1243 6036 1866 5214 1880 2509 2236 4757 2359 4238 6591 821 146 1561 182 5517
3566 2965 4073 4896 4672 2788 724 6320 4818 68 42 1048 1866 625 1197 1884 3231 21 4032 5294
4751 2223 69 2794 4830 1764 3361 382 4469 6200 23 6562 2359 6472 168 3344 349 5726 326 2358
1076 1595 5860 3363 3 338 3382 2350 3896 5377 338 1035 2397 97 1866 3035 3724 888 2924 116
168 1449 6036 2247 5887 338 2398 3330 5214 2667 2794 72 5319 2384 1155 619 2360 3820 722 5542
4752 179 8 5841 72 1722 4913 3 2269 141 414 892 408 2214 4794 1893 509 644 1670 947
1243 4558 1014 3951 6441 5887 68 4198 1874 319 6848 2269 1 5221 3712 8 2747 2787 2215 4670
590 3 68 1628 338 6562 2351 1325 1748 1884 1653 2718 5815 6807 2350 1231 1676 5448 1239 6369
6434 6036 5517 3015 3 925 1075 6033 4728 6472 599 2732 3045 4913 1092 1605 341 5392 6 5656
5854 3951 2155 4289 4348 9 5812 2215 650 6481 1628 1506 3951 3105 0 1753 2359 2350 1035 1326
80 619 3679 327 3804 2794 2367 0 6472 1865 1753 0 2269 1894 400 16 6276 2473 6562 5887
1230 4096 5281 6627 5635 28 3472 1015 6489 3566 13 3737 1040 3965 2303 6562 344 6036 6657 168
892 464 5396 536 415 5038 592 164 36 715 168 6 4670 3 5043 34 2718 0 3 2902
122 4371 4096 1250 4668 3009 1672 3432 3951 5104 2305 6472 5595 984 4668 5825 4092 4035 4238 1043
92 604 4110 148 1908 4766 5320 2422 6910 4321 4728 3256 4321 3678 68 6427 5881 338 3813 1351
6031 2340 1255 72 640 6848 6484 6036 5383 1006 5221 1438 2191 408 1281 4501 1036 2413 5960 2924
1866 1723 6186 53 4751 341 4496 8 3813 6780 8 2920 218 5724 590 2954 1448 158 2215 2318
5225 6031 1541 5887 1645 72 4321 4326 1283 632 548 2754 1050 549 2591 4460 6562 1889 751 1356
6693 9 8 5899 5823 5882 6298 6 8 1830 5823 2360 6472 3207 3585 2236 1221 5842 1326 1764
2248 4325 1939 6310 2169 2365 1006 2342 3251 2401 61 6197 1476 2237 323 5917 2747 168 3730 6910
5301 761 431 3261 2644 3734 4497 2212 2367 597 3734 46 5606 3747 2114 1605 1630 5 6536 68
590 1352 1256 5812 2934 1748 6078 55 156 431 1449 370 41 3513 644 343 2212 0 6197 6431
348 2952 6 431 5214 644 1503 693 1699 541 3035 659 2401 3035 6372 141 4885 5214 4238 2212
168 327 2031 2894 6197 4164 2423 1449 1786 3363 2510 230 925 9 2238 3724 4312 326 2805 2658
3564 2995 3028 4751 1203 1866 1785 6253 2269 925 1769 6200 625 2212 2351 4725 3241 3951 1893 523
338 2717 6848 3747 5712 1238 3400 4957 5964 2238 5660 635 4670 2359 2794 4029 4475 5802 1333 2794
1967 2367 3035 3 338 1438 2827 2697 6329 1283 6577 5757 1036 2787 636 2215 5383 5219 4670 1866
6635 6405 3163 5214 2718 4348 3092 2787 644 636 2187 1767 5751 2350 1241 2794 6373 2351 2718 6206
635 1036 4494 3804 2412 6369 1526 6364 2350 1975 2509 1434 1121 5386 4501 6876 1316 1727 6237 4995
8 1950 327 6261 6204 590 1437 6430 5866 1333 3579 536 1594 4358 5517 5245 15 6186 1559 3
6372 74 338 5579 3342 6 6248 5887 97 6472 6472 5318 2191 3035 2692 1541 2902 6481 2954 4863
6310 1813 1559 5214 3 141 5503 2397 2360 4469 3238 4348 899 1617 348 4106 6635 4291 4698 2350
5610 6036 348 4156 1568 5587 4849 1237 4729 2951 1333 773 8 1711 1866 1351 1882 2238 1068 2456
5553 1230 4505 4932 611 5916 4692 4052 4092 1233 6848 6197 676 2367 2181 4871 476 5393 2188 5052
168 408 5043 2805 1035 1110 2877 3 8 570 116 4971 3793 2385 1255 1644 53 6417 6880 1808
3751 2181 2880 5314 771 6313 1889 2718 2269 892 2787 1206 6848 6635 3435 299 1594 245 4763 888
3513 1462 1247 2977 1585 5768 1866 5887 2692 1634 2831 1035 192 0 168 1018 6373 2214 5820 2361
3035 8 4903 327 1505 5118 168 8 338 3092 4326 549 1727 4096 6644 138 3714 2508 168 4326
2184 3024 2397 3838 2747 0 3 6848 6362 1237 5038 6 4990 2412 6278 3819 1866 5887 5724 2954
2805 556 2794 1621 2783 168 2269 1035 5537 1594 5324 1601 1036 619 68 583 4651 1496 1036 2718
1029 5660 4865 1611 5396 2350 3862 595 61 1605 72 8 6665 74 4826 1916 24 2488 1053 5536
1605 399 168 2359 4241 69 5610 37 6790 5348 2247 541 4670 4751 6278 2364 6781 1326 635 5503
1231 4933 6593 553 3249 2735 82 338 3696 4591 635 6696 866 3 4371 4008 2876 327 1561 6353
3340 1523 1802 1649 186 368 5325 3571 6562 1326 6421 74 888 1449 1053 3320 7 599 2350 892
5837 2366 869 37 1029 2247 3363 6 1262 931 415 2720 2247 5474 2181 866 41 1718 2290 2545
3724 2244 6562 1617 3035 3341 911 1828 2247 5463 6373 4726 4919 475 108 5041 4913 116 4731 3028
1595 1478 179 1251 1866 2400 327 663 5467 5815 6 2212 4670 2365 1078 619 640 5164 6075 3714
1785 984 2509 1029 619 105 3677 4740 2794 2247 2360 341 2718 3724 5461 6329 2350 1615 1317 4682
640 36 5214 5907 4446 619 2365 3015 3363 2906 3564 1208 4 6489 2371 5214 346 4751 644 3951
2787 6362 897 9 186 1767 28 2269 5950 2365 338 2242 6204 2452 3861 5770 4740 1352 6 6249
6484 400 5892 773 4751 874 1029 6562 74 3809 6204 2329 509 28 5214 2367 69 3434 3418 2720
45 4127 168 4073 4132 3434 6 2609 4279 644 5071 5927 2367 4729 1726 0 3008 6369 5888 5214
2365 2165 168 168 1866 1496 3606 2350 2360 2939 4751 6472 1350 6248 953 2719 1594 3397 6211 1218
105 2263 1250 1023 7 2908 6310 45 768 2324 2350 3435 638 1522 1473 5541 1813 348 761 65
2892 6596 370 2410 876 1824 3169 337 6353 90 2924 6 53 1511 5749 3320 2692 5834 3263 2787
8 2692 408 3015 5319 2412 3566 3382 1723 1025 6273 2396 5317 6536 168 6003 2324 2324 6910 1884
