12 3 2 15 1 11 9 3 2 15 1 4 280 281 282 82 0 0 0 0
176 203 12 3 2 349 107 108 375 376 0 0 0 0 0 0 0 0 0 0
3 11 3 95 96 97 98 99 1 22 41 100 9 3 101 16 102 0 0 0
92 7 370 9 39 68 371 372 1 3 101 16 102 0 0 0 0 0 0 0
4 336 337 13 338 1 72 11 90 4 327 5 174 0 0 0 0 0 0 0
92 7 370 9 39 226 0 0 0 0 0 0 0 0 0 0 0 0 0 0
20 3 95 96 97 98 99 1 22 41 100 9 3 101 16 102 0 0 0 0
23 103 2 104 3 42 105 106 1 43 44 45 46 107 108 109 0 0 0 0
40 3 95 96 97 98 99 1 22 41 100 9 3 101 16 102 0 0 0 0
8 12 3 2 15 11 90 0 0 0 0 0 0 0 0 0 0 0 0 0
235 3 360 2 62 2 1 286 3 243 0 0 0 0 0 0 0 0 0 0
23 103 2 104 3 42 105 106 1 43 44 45 46 107 108 109 0 0 0 0
155 156 45 1 23 3 2 1 23 3 2 26 1 78 2 1 153 14 0 0
65 185 33 2 97 111 1 8 2 15 321 322 323 324 0 0 0 0 0 0
69 197 198 1 199 1 28 30 31 164 0 0 0 0 0 0 0 0 0 0
68 69 1 188 5 189 1 190 1 152 1 55 16 139 1 27 19 58 59 60
