40 3 95 96 97 98 99 1 22 41 100 9 3 101 16 102 0 0 0 0 
23 103 2 104 3 42 105 106 1 43 44 45 46 107 108 109 0 0 0 0 
110 111 2 112 47 5 6 5 1 113 114 2 115 23 7 116 24 2 17 0 
117 118 119 120 24 3 48 2 121 1 122 123 124 49 13 125 0 0 0 0 
3 50 3 51 52 126 3 50 3 51 6 25 127 0 0 0 0 0 0 0 
128 2 129 1 44 130 0 0 0 0 0 0 0 0 0 0 0 0 0 0 
53 3 42 131 26 1 132 13 133 2 134 0 0 0 0 0 0 0 0 0 
135 2 136 1 54 137 2 138 1 55 16 139 1 27 3 140 141 142 56 143 
144 145 1 146 3 55 16 147 148 0 0 0 0 0 0 0 0 0 0 0 
149 2 8 57 150 1 151 1 152 1 153 18 154 0 0 0 0 0 0 0 
155 156 45 1 23 3 19 26 157 0 0 0 0 0 0 0 0 0 0 0 
3 158 19 58 59 60 61 27 19 58 59 60 159 0 0 0 0 0 0 0 
28 3 62 2 160 1 10 161 63 162 0 0 0 0 0 0 0 0 0 0 
3 11 9 3 17 2 29 64 2 163 1 28 30 31 164 0 0 0 0 0 
165 16 166 1 167 32 168 2 169 170 0 0 0 0 0 0 0 0 0 0 
171 26 1 3 172 12 173 47 5 174 0 0 0 0 0 0 0 0 0 0 
175 7 176 29 2 177 1 178 179 180 0 0 0 0 0 0 0 0 0 0 
18 181 3 2 182 1 183 2 184 0 0 0 0 0 0 0 0 0 0 0 
65 185 33 2 186 1 22 187 66 67 0 0 0 0 0 0 0 0 0 0 
68 69 1 188 5 189 1 190 1 191 192 0 0 0 0 0 0 0 0 0 
193 194 13 3 6 195 2 196 0 0 0 0 0 0 0 0 0 0 0 0 
69 197 198 1 199 1 200 52 201 1 3 34 66 202 0 0 0 0 0 0 
70 203 12 64 2 204 1 205 206 207 208 209 2 210 0 0 0 0 0 0 
211 212 213 1 214 215 216 217 0 0 0 0 0 0 0 0 0 0 0 0 
3 71 218 219 220 10 221 49 72 0 0 0 0 0 0 0 0 0 0 0 
222 223 1 224 0 0 0 0 0 0 0 0 0 0 0 0 0 0 0 0 
225 226 2 227 228 229 3 2 230 0 0 0 0 0 0 0 0 0 0 0 
3 231 232 1 233 13 73 234 0 0 0 0 0 0 0 0 0 0 0 0 
235 3 7 74 236 1 53 237 34 238 35 239 0 0 0 0 0 0 0 0 
240 75 1 4 75 241 0 0 0 0 0 0 0 0 0 0 0 0 0 0 
20 4 242 1 76 3 243 0 0 0 0 0 0 0 0 0 0 0 0 0 
244 245 1 246 247 31 248 0 0 0 0 0 0 0 0 0 0 0 0 0 
249 250 251 1 77 252 30 253 0 0 0 0 0 0 0 0 0 0 0 0 
40 4 254 255 256 257 1 258 259 260 261 2 262 0 0 0 0 0 0 0 
263 264 1 78 2 265 18 266 0 0 0 0 0 0 0 0 0 0 0 0 
267 18 268 79 269 3 270 1 271 272 273 14 5 274 275 0 0 0 0 0 
276 3 43 2 14 35 56 1 46 277 14 6 278 279 48 0 0 0 0 0 
14 5 80 81 1 4 280 281 282 82 0 0 0 0 0 0 0 0 0 0 
36 2 83 1 6 36 8 10 84 85 86 0 0 0 0 0 0 0 0 0 
87 5 80 81 1 4 10 4 33 283 82 0 0 0 0 0 0 0 0 0 
284 2 83 1 6 36 8 10 84 85 86 0 0 0 0 0 0 0 0 0 
28 25 17 3 2 285 3 2 1 286 3 2 287 3 2 79 288 14 87 289 
5 290 2 291 88 1 292 293 2 8 57 294 0 0 0 0 0 0 0 0 
77 295 70 29 5 296 1 37 21 297 298 21 299 1 21 300 15 301 74 61 
78 303 2 21 33 1 304 14 7 305 0 0 0 0 0 0 0 0 0 0 
12 3 2 15 1 11 10 4 306 5 307 308 309 0 0 0 0 0 0 0 
12 3 2 15 1 310 4 2 311 312 0 0 0 0 0 0 0 0 0 0 
12 3 2 15 1 313 9 22 314 0 0 0 0 0 0 0 0 0 0 0 
8 12 3 2 15 1 315 316 317 0 0 0 0 0 0 0 0 0 0 0 
318 24 4 319 67 1 8 320 321 322 323 324 0 0 0 0 0 0 0 0 
4 38 4 89 89 325 1 11 90 4 91 91 326 0 0 0 0 0 0 0 
11 90 4 327 5 328 2 329 88 1 54 4 330 2 32 331 0 0 0 0 
3 11 3 2 332 32 333 1 92 334 20 3 6 335 0 0 0 0 0 0 
4 336 337 13 338 1 72 11 20 13 3 25 339 0 0 0 0 0 0 0 
3 340 341 342 343 344 1 37 345 4 31 346 4 0 0 0 0 0 0 0 
27 4 93 93 1 347 38 3 0 0 0 0 0 0 0 0 0 0 0 0 
4 348 71 3 2 349 7 20 4 2 350 1 9 3 351 4 352 0 0 0 
38 4 353 2 354 355 4 2 356 1 17 4 2 357 3 41 2 358 0 0 
19 359 4 3 360 2 62 1 76 4 361 362 363 0 0 0 0 0 0 0 
37 364 4 2 365 366 1 3 2 73 367 4 368 3 11 369 0 0 0 0 
92 7 370 9 39 68 371 372 1 3 6 373 374 34 6 375 376 0 0 0 
377 378 4 2 63 1 4 2 379 4 2 380 0 0 0 0 0 0 0 0 
381 4 7 3 2 382 1 9 383 384 385 386 0 0 0 0 0 0 0 0 
4 30 7 3 94 387 1 39 388 389 35 390 0 0 0 0 0 0 0 0 
9 391 392 1 8 393 65 10 394 395 0 0 0 0 0 0 0 0 0 0 
8 12 3 94 1 39 396 397 5 3 398 0 0 0 0 0 0 0 0 0 
