5084 5084 6211 6562 6562 892 1283 6292 5463 125 6 60 639 2165 535 3696 453 2238 5610 4238
0 6206 1326 2397 5724 5899 5776 3870 5009 3251 6606 4241 3435 2412 2236 2350 2223 74 3 1036
1220 5623 2692 431 46 3943 2350 562 2269 2294 6693 599 431 2236 892 6211 1767 2365 644 5881
5508 1326 5934 713 6087 2273 2269 536 8 3369 4349 2269 1594 3361 4905 2787 1221 6078 4916 3015
644 3724 55 947 68 2732 6431 2346 1866 2924 6036 4588 2718 566 3145 2324 344 4114 5318 72
2751 3723 2359 82 2324 3513 6562 1753 6635 617 4474 5768 888 2280 397 55 2975 5954 4490 1865
5888 2350 1029 28 1767 2350 6260 892 2965 3204 322 1723 3 6197 5577 632 1033 69 2514 5614
4591 1093 4183 1043 116 35 4357 2317 5214 1883 1767 2351 6036 904 391 635 817 5751 4751 2351
6484 2397 2214 2247 6248 6136 3952 5771 4560 1285 644 6036 8 2878 708 6627 2167 138 590 1796
141 1634 2410 4863 1038 520 1594 1219 3249 1068 3747 4326 4005 2377 943 6197 796 5164 89 5517
1093 1694 562 1594 1462 453 3204 391 327 4138 2423 2787 4942 5441 2413 1977 1036 348 4065 6441
2351 8 1644 2238 72 1449 6248 3015 1866 1229 168 6373 531 1437 5893 1594 265 2350 1594 1035
5680 36 6319 400 1093 6562 2340 4092 230 2237 2365 5463 3951 1447 2806 5041 4477 1285 619 543
192 5025 6036 962 592 1767 2247 5391 427 6237 2350 6138 36 3097 5755 686 4079 6237 1033 656
4490 3320 4505 644 3951 5804 1891 3930 6171 6562 168 4469 573 5950 1522 3921 2181 5461 3130 6310
2247 427 6489 2805 2731 0 2324 6186 1237 6472 2718 2365 358 6248 2350 199 4069 7 2105 925
892 6484 74 3471 4010 5887 3434 1894 5108 2247 5059 2718 2487 5412 6525 656 2937 5330 2805 6753
6283 576 4220 4769 173 5653 68 2236 5314 373 6627 2720 346 286 1250 1643 431 168 6248 1528
3509 5831 4580 5975 4007 5325 722 2781 5610 2397 6481 3975 1193 1514 5377 6533 1190 6369 151 60
141 1068 408 6186 6562 2350 1032 1980 6327 2384 8 3294 3416 5461 5071 625 6481 24 603 38
1215 6481 2423 6 2226 3434 1528 2639 3677 635 2238 3 348 3349 1475 168 644 2952 2290 1572
1463 383 5841 2806 3734 6304 13 342 2051 3679 3274 6327 4469 4209 1915 6910 1326 2026 2784 2238
4529 892 6282 1504 2340 6036 1437 4127 2396 2765 400 454 2199 58 5573 1889 1811 5370 4073 5990
1308 5899 1808 5060 1302 6255 4522 1247 476 168 1248 636 1221 1036 116 6050 2274 6030 4581 1670
4965 345 28 1283 68 341 2221 2359 168 625 1249 6590 400 6369 1302 6481 4289 6761 2423 6472
2924 6262 3682 1615 5009 2215 2350 1802 647 1711 6224 2290 1354 1913 2236 1166 341 6236 4371 5621
1866 1437 2182 6848 1023 2787 1038 124 6 3434 6 2367 3 6036 1496 6472 141 4373 28 3341
4751 6562 6292 1526 2259 6310 1221 6431 256 4668 1350 7 787 644 5383 4849 3 3435 599 6481
5294 3813 1311 2374 947 4865 6481 1333 4913 1068 38 5803 1827 338 37 5118 1504 2350 1537 3966
397 6283 4615 4501 410 4371 5387 2238 2068 5386 1461 1338 591 2374 1867 619 6 4779 5553 871
344 2231 1121 888 1306 0 644 5768 536 6369 19 5816 2456 1594 168 2238 235 601 116 590
59 6443 625 601 2263 2422 3541 2862 5252 5 1372 5325 7 168 2214 1351 2934 2165 5 1302
6310 4557 5214 1101 6197 6513 3169 2975 5214 3341 1033 1915 6 2350 3300 5537 1603 4649 168 6848
6362 1585 338 1808 1248 768 28 412 5031 2350 368 4326 3035 2215 478 6266 1866 6533 1797 2351
2236 6036 6142 2236 6473 5755 4763 6255 415 72 4008 5823 4458 1041 2951 795 6562 3434 904 6434
1294 5424 1764 6562 2423 3434 6036 5459 2267 2423 3008 5907 6473 640 5324 2259 6484 37 6455 6171
2533 2371 6250 6031 72 6310 338 5 327 4325 2609 2718 68 6 28 28 1962 434 6036 892
6837 5537 541 3718 3513 6627 4475 2367 2346 338 3320 400 1866 4868 1594 5009 2702 3464 1967 2514
6 168 3008 319 646 28 4668 1198 2787 84 5887 1326 124 5928 4989 6848 1227 1533 4863 349
168 1036 1193 2163 1889 4670 3318 1281 6484 3564 5317 1283 2636 1250 3112 168 1781 3475 6197 6657
5336 5866 7 1464 5282 1006 108 279 341 1727 878 168 6484 1537 2371 5825 6 2951 1383 1043
6693 1767 599 3923 1767 398 2214 2910 4092 636 52 5214 2167 6536 4505 4325 4348 953 559 3145
2169 3035 974 2760 2238 2350 338 3495 36 1449 6266 4727 2351 2259 1333 601 1580 1764 2 2238
478 1350 1035 71 5877 4863 6848 107 1594 625 2293 1276 807 4561 632 1193 2422 2271 2783 6761
3564 431 625 84 1458 4501 2169 2718 1238 401 2269 168 3951 2169 15 1029 3723 1866 1237 6186
4505 2239 4161 4591 3068 5348 4670 2412 1333 431 2215 644 192 1281 6364 635 8 2340 2340 2862
327 2238 6373 1899 2422 1594 1018 3008 747 2182 1243 4828 686 4828 1056 3092 1072 5823 4724 521
253 4942 5877 636 2609 2350 3564 3074 3281 1235 50 625 3363 3917 3917 1504 6353 1290 2350 4765
6050 4557 1228 2885 615 47 3606 28 1198 2762 1291 4911 999 3724 5370 6525 4863 6860 3813 2359
168 6 2215 2360 158 2398 620 4731 168 3434 8 2397 1308 8 490 1866 4751 3015 2318 4241
154 4751 6310 6473 4615 6481 1621 2247 5436 5900 1251 179 6239 1769 913 5324 2543 51 6036 6186
3327 28 1333 2367 5768 2041 6262 2921 1437 2202 6211 3107 964 415 3804 2238 168 599 390 5318
4848 6479 400 4008 53 0 4670 5848 84 1605 2657 5610 2350 2330 1556 1332 639 3434 338 1282
6032 209 5839 1218 1866 8 53 620 880 1617 415 1116 5221 72 5777 3734 1595 1326 2254 2167
3383 2546 331 4847 5887 6627 892 1354 3809 2805 168 2423 1101 1617 6036 1504 6197 5802 1072 4010
1894 2136 3487 5839 3801 904 2269 1437 429 345 6354 5892 6237 1262 5276 490 773 6122 1302 2787
2488 5927 875 1247 1014 3233 156 1711 3435 5060 3951 4342 1350 454 4848 3297 4674 4135 6354 2359
50 6 55 2247 9 6562 2954 5755 2360 1594 88 3208 5834 3015 1093 2954 526 5318 2324 2717
5837 4725 5457 1611 3274 6239 478 3678 6036 1072 1250 2423 168 6287 5755 141 2212 36 2934 151
5841 1023 1221 926 2857 116 1504 4462 6627 42 1537 250 866 5768 2794 3274 3763 105 1634 475
3951 1709 2487 6283 5680 8 6484 2267 2952 429 68 514 76 4171 4770 151 2749 5599 1375 1594
1205 3972 5975 1641 5377 5318 168 6472 2247 2871 3976 28 2371 5318 4008 3575 2247 1333 2422 2821
2214 3020 1332 453 1908 1611 2561 84 1866 1866 53 904 1778 1891 5610 5610 2396 2868 1764 925
4727 4138 4674 2479 6186 1644 6543 556 2718 2954 2784 1865 644 5319 3714 374 3813 4688 4751 3804
2217 892 6591 6333 984 338 1611 6848 74 2367 5055 6724 6819 4731 0 1866 3737 1230 2350 5816
5214 1777 1619 908 1326 5755 821 693 4017 1641 3724 1938 3434 116 1537 388 2423 2247 3726 116
6248 6627 3896 5886 5844 888 3955 5606 4891 6472 1880 3564 1865 2508 431 2401 6354 2351 4997 431
5802 168 2247 676 640 2787 2182 322 5894 2238 1537 2482 4238 4990 5424 5214 1093 71 5276 1417
647 3870 6562 478 3904 876 72 2783 962 1522 4397 546 2167 6484 3870 866 2787 6312 947 400
2236 2274 1248 186 866 53 3934 341 2305 521 323 2787 2350 5 5210 3747 4700 1611 4238 3678
541 6260 3045 5823 2473 904 6910 338 599 478 2187 6036 947 6197 167 520 3165 1992 663 610
434 120 302 6197 2711 6562 3 1093 6373 1449 6562 892 5074 4681 2308 3625 3241 76 6029 1229
2460 1348 3906 1808 2237 2397 8 1963 4593 5537 1767 2269 2237 2238 37 1438 620 5887 1594 1302
1483 6345 3696 2727 1462 5905 3092 8 2347 1605 41 5797 2012 3342 2716 344 1608 2398 55 6036
186 1038 2692 2269 3477 3813 6836 773 6294 5823 72 2720 2429 5768 2787 4769 6171 5757 520 2924
400 3944 3959 2351 4692 1243 354 415 5118 2359 1785 3605 5755 1813 535 6562 2351 999 5028 6036
1044 5009 3076 2856 1228 6197 344 1243 6 1778 5059 1036 5861 1865 6258 2229 2351 751 6484 6627
4776 6033 4740 2212 33 1504 4190 5074 1353 1326 90 947 475 1218 1617 1243 1764 3951 904 3471
1036 619 1171 6339 644 640 6562 4670 4727 2625 168 6562 1866 984 28 3564 374 2351 1258 4374
6 74 2254 6848 1256 2509 2413 1992 8 2982 6036 3434 635 1594 1866 2353 2290 6315 651 168
97 6312 2692 6036 168 822 2182 2794 6761 124 2242 1290 2165 59 1867 5928 6206 5214 6354 6369
6 6390 4479 4561 4370 1528 1291 6171 1093 1302 2350 2718 1320 2280 0 8 5383 3969 434 6339
4997 3678 3434 4289 1325 6310 2215 53 7 2924 55 1237 620 6362 6390 6033 553 2212 1036 892
541 5071 4780 415 346 199 2628 737 659 599 3951 1035 6204 3434 1072 116 1333 4326 6036 6895
53 3835 6197 4198 5269 1733 4580 1280 3557 6329 2236 2215 168 6 4727 3229 6197 4494 4588 6664
2413 3764 0 168 5887 651 2238 36 60 6527 2303 2694 2913 55 47 6525 2360 3241 2350 5887
773 5318 1930 6627 1326 6248 1036 1630 5009 6260 696 2212 1302 1326 2707 6197 3585 338 947 6244
3813 2269 4489 6593 625 5928 1243 1093 562 5610 50 4358 1326 3946 6 6 97 478 2495 6197
4335 4357 344 4469 4989 6575 2212 1753 590 2662 453 1303 6627 5907 6588 573 599 6577 1617 1306
6716 2952 1533 4670 72 925 4349 1237 5944 478 2427 4494 6248 2268 962 1611 2370 4768 5221 230
3683 625 1707 6431 1758 599 1470 6191 4727 5214 2350 1372 2658 4462 6533 4035 4050 2658 962 3951
1035 6248 625 7 1449 1286 1311 1006 134 2678 4408 244 5614 3015 5610 1029 984 2514 3477 6197
1282 2351 3068 3169 57 6036 2367 892 6372 6481 345 6696 3930 5485 2115 1753 6 2592 1221 4352
6278 2678 4079 70 6848 6036 2191 3 5755 5314 5770 5954 1317 871 141 1029 2862 5834 2238 1018
1778 4017 3678 1333 713 1283 1567 2503 6882 4198 866 478 4008 6627 6329 1035 3678 4371 319 2731
6562 1352 2269 548 5757 5842 2359 338 23 3711 70 53 3008 6354 4751 5804 2238 904 6197 2238
541 50 36 625 2214 6036 2717 1037 3696 2473 625 402 2221 1670 619 5503 0 5768 904 2841
2288 427 5843 3581 344 1620 984 2423 3320 625 2779 6578 2995 6472 2487 3724 751 5119 5370 105
1723 3734 4589 186 327 4651 3435 1840 1193 5713 6479 2238 0 6484 8 179 3617 1570 4917 6087
3976 6533 676 3435 292 1024 2293 1894 6324 6791 5214 3435 6772 3032 21 3625 116 640 1439 2319
1694 2307 6324 41 4839 6278 4141 6126 4073 3679 6657 6484 2509 1893 5652 548 6484 1802 1449 2880
6197 2636 1973 3434 168 3363 195 6036 1383 6342 625 1356 370 3434 47 4494 1595 6237 5610 3241
3434 168 619 2716 3724 58 1292 2401 651 2360 4670 7 892 3959 2794 4441 1333 4727 2403 5214
478 6525 3723 173 2340 327 327 4121 2090 2787 451 6036 6197 4397 2359 2410 3951 4122 2937 2347
611 2350 3263 2423 635 2350 3432 1193 2427 6248 1061 1239 1866 1383 41 2692 2410 0 168 6484
635 2259 1504 2320 4692 6239 5118 2805 41 3241 5137 2868 2717 8 2509 6562 2658 3732 1694 2051
4942 3804 5348 5920 2247 1352 168 1221 1258 1290 541 5954 4529 146 1210 0 3035 601 875 1504
1644 1785 60 5851 3617 164 4008 1436 599 6757 2178 3034 5045 6437 3435 6761 6512 1255 6315 5494
599 962 0 6310 4751 2238 2718 408 1276 6369 5943 6 2359 8 396 6562 2238 4909 5828 38
4942 2315 3231 2006 475 2155 2924 2718 3263 4752 644 6248 6262 5884 1282 2259 3678 876 2259 4008
453 2247 2268 1449 6289 5879 4740 3564 20 1093 182 6481 2397 6473 1128 6848 50 1594 441 68
168 6 141 3944 4769 7 5820 599 3148 3951 2718 3434 5214 2787 182 4511 1796 5824 6248 1439
338 75 6267 3319 2350 3274 6036 6197 1251 2259 1093 1438 2718 5854 1253 682 431 1575 97 348
1290 3 6248 6 5823 5928 6731 5059 3734 5656 2112 1771 1767 6562 2238 686 4543 1399 72 2717
68 6123 4670 6627 23 5837 2238 8 1943 2268 2269 1866 327 6472 541 6472 6390 3507 2269 3035
1967 5038 1283 1642 1072 1326 1173 1279 2350 1511 168 3434 2247 1025 151 453 1968 4909 865 3943
625 165 5009 5658 5419 3035 1332 5866 1449 2732 1797 6562 1035 4046 1894 6122 3435 6282 686 5652
8 3118 1621 146 62 2514 2299 6437 2717 592 1268 2189 2212 3263 344 6596 2191 5002 6417 5963
1528 158 415 550 2544 2452 2247 504 33 6369 2625 640 5986 685 327 6313 2423 6197 4700 2781
2351 368 8 344 39 1866 6036 3035 888 3011 1437 408 3678 2479 2365 6715 267 5892 327 4588
1491 2215 1930 4593 6206 1438 3015 1237 116 3682 5485 3017 2350 2364 2787 4727 105 1046 2711 6310
1889 36 4073 1190 4309 4830 341 3575 1682 3 2365 2191 1248 2967 5779 6171 28 2238 3434 400
368 2910 5827 1726 5252 2894 2274 266 2385 679 1093 2367 2974 354 5396 947 1434 6882 6390 5396
2722 2350 5768 8 4047 1594 6370 2954 6248 6329 892 1215 1072 1237 2975 1931 2351 2787 97 2324
3564 1248 874 2238 327 1813 2718 28 1057 72 6 2423 6562 3 4919 2238 3724 5424 28 3045
1036 3363 3035 6197 3498 6364 5610 1248 1518 1616 116 2423 3 1035 5018 1249 1275 892 6186 1278
2214 4129 3178 1504 1478 809 6036 6329 4691 120 2924 6836 4674 97 1308 1036 1865 55 199 6590
644 28 5059 6848 5045 3 2351 3813 2398 1899 5907 1193 6186 3734 1670 0 6848 3148 2783 2836
68 891 199 4538 2182 5887 1033 904 41 97 1230 3434 2242 1620 6206 168 913 2718 36 1283
2952 640 138 2238 4830 3169 6472 3 6373 6171 647 3475 1478 1320 638 2487 1243 3724 5461 5006
4751 1032 1657 1589 84 8 6284 1594 4747 2350 6562 116 5236 2247 2247 2957 3870 2191 4730 4871
37 1025 685 2179 250 45 1796 408 2350 1221 3448 5465 2787 4725 1504 4241 1075 4241 2367 3435
2384 5901 1253 3369 1038 3434 6197 2625 2269 3477 5240 2212 1038 4400 5358 1446 1483 5214 1641 3341
2223 2186 1195 0 5275 6770 6484 2371 3079 5893 28 1023 3921 1023 2269 1193 3724 141 3369 55
2437 4752 2702 179 5230 2410 2360 383 628 640 5839 50 105 5841 892 1018 1511 3463 5318 1113
1764 686 6728 97 2423 5214 367 1326 339 1464 454 186 305 625 6484 1601 0 4651 5503 6
2259 1036 397 342 2838 4127 6199 3683 2215 2351 4304 209 47 6848 339 6481 3435 5820 344 6913
2717 4341 5887 6237 6036 1280 6519 2214 1231 4336 1290 5055 4446 5757 3724 3945 6442 3 1802 1692
2397 2787 2069 168 3724 1682 875 5610 2787 876 1326 892 4763 1281 2292 619 1020 2787 116 4766
1723 3678 1461 1193 9 2215 1233 6533 325 6211 819 3 644 215 6128 3734 2409 6036 2051 1562
6472 4005 1634 627 4883 2794 89 1950 810 6036 5882 1869 612 4529 4408 751 7 4880 2805 6472
1015 33 892 6237 1237 4550 3705 2757 6590 2954 2751 6484 6 3 210 4134 892 4670 1068 342
4024 6211 2200 3943 4 3696 2924 6036 124 168 1333 23 1943 2340 1326 5412 1333 2423 168 1504
2827 6611 2718 6848 4467 1641 3435 5039 3008 1306 3734 230 408 2247 1767 3363 331 1723 4005 2427
2787 6472 5866 2727 3219 5893 8 3169 3 1930 6197 346 2247 84 4548 5084 41 6627 346 3341
2787 4751 5214 2274 5324 6473 4005 1093 3943 4342 453 2267 1866 6562 2412 1302 3509 3435 6588 3804
3685 1203 2387 1173 5907 3709 2608 33 74 2199 3095 3261 3263 5954 23 3678 2849 6 6373 400
2609 2955 6562 925 4793 1237 4008 1248 3249 5318 1243 2248 1931 2169 4008 6472 8 5901 3068 1449
947 1255 370 5421 5 1802 6312 3035 8 2661 2308 1478 1723 3434 1813 4505 625 4297 4050 1611
2426 3495 4581 4558 4067 4751 1283 4769 3566 72 1866 6431 3931 4008 2805 5061 2487 6078 3068 651
51 930 744 352 6261 1302 5887 2356 2876 3951 1102 5317 2794 138 2238 1802 2215 28 1030 186
2254 5770 4751 2423 5726 132 3624 364 4728 3434 1036 4670 2247 548 846 3679 28 2236 2340 1248
160 1533 2427 5900 3352 280 599 1125 5071 1866 619 2794 2404 6033 2787 1015 6036 2213 4794 2208
7 1707 313 2214 1032 3951 2237 2397 6910 1796 751 6665 520 2342 5512 28 55 1701 761 3098
3035 338 5214 59 5424 8 1243 3434 625 8 6910 2794 5928 36 635 2794 5348 490 6484 1517
2401 6807 3035 2412 1537 2384 1504 5317 1081 5412 1618 5009 167 5866 6848 4469 1723 6562 6910 3434
556 6354 6278 6369 343 2280 4312 2542 72 3 53 326 619 4008 2238 4725 2693 2805 3789 3678
1880 2753 1286 4479 84 1478 2732 36 36 1302 338 338 5517 2384 2215 75 1504 2413 4909 5773
2351 4096 2179 54 3434 8 6606 4335 1068 1286 5894 1237 3382 6036 5214 1093 4917 5234 5680 1866
3678 3720 1638 2214 1723 36 5656 4692 899 1866 168 2350 453 37 2303 179 1035 1504 2212 2247
1866 4453 6780 53 151 1504 3720 4324 5059 4239 2351 3251 2318 1533 3 6 69 5823 4779 2579
346 6197 3513 116 1611 1229 4751 2215 5 1033 4469 2259 0 6186 4751 5662 1294 2169 6369 146
1533 409 3477 2237 4692 324 2215 904 2985 925 1916 4469 5053 1562 4909 3561 6837 3943 4752 1036
6278 6657 33 1628 1371 1504 6237 640 3016 2213 6075 3728 1281 2294 984 6248 3683 627 4529 4046
3010 1682 168 53 278 1326 1594 116 5383 3931 116 625 441 1502 2199 7 28 3319 4501 2298
2954 5861 2350 3951 3896 349 5749 3679 3035 625 2987 4497 5893 6848 2305 1280 5656 8 6221 0
358 637 6248 1045 297 644 5770 6197 1302 3363 6679 146 599 2924 199 4561 6036 1504 3472 1333
1017 1866 5071 6562 2247 2535 1035 6562 6036 6644 5751 160 5656 2868 4901 4548 1767 7 869 2365
82 1496 885 3252 2550 4008 888 8 5330 164 408 644 195 2718 3532 2058 1642 1449 4008 141
2952 925 2222 4839 2215 3121 1949 4387 2851 3713 5647 1281 2254 6568 4958 866 6248 875 1320 5122
229 619 0 28 2269 1237 5887 415 1769 5377 1076 1505 2365 4289 4127 2880 186 1215 5503 5214
1026 6313 3435 1675 509 72 1776 6237 5901 6606 1243 2365 2951 38 2397 3566 2975 1072 6472 6451
2247 4728 210 4363 3804 2543 2114 1193 2350 2319 750 2350 619 1302 5816 1286 2212 2360 2952 6627
1326 6310 33 619 6472 4661 5 3009 2805 4763 1302 1929 6422 6588 4751 1866 2427 867 1778 3730
3274 2350 6089 5938 619 6627 8 4839 2191 6186 3943 4496 5605 3434 3434 2404 2317 2350 2974 2090
601 2401 2054 3434 6033 3696 750 1250 145 5275 640 2311 1076 408 7 5 8 3045 1688 6032
520 2794 635 4522 601 2412 3015 4591 1628 2280 5034 105 892 4490 1628 28 6848 8 3008 5557
2351 1255 1690 5816 1072 1753 68 2924 168 640 5314 2546 1332 2422 865 5314 5712 3249 3943 60
4688 635 2768 6206 8 1615 1690 5319 1511 4731 5 8 1827 2410 1193 625 2238 5214 344 5325
2351 72 82 113 6390 4794 141 382 1221 72 3804 1462 2878 2054 168 1481 3035 6199 3263 7
69 2794 4780 2247 619 6036 1291 3455 3732 1231 5582 1594 4769 55 2350 6627 1872 2386 813 6627
4333 6237 892 3801 3723 2215 2226 6036 1093 6248 5214 611 1813 983 0 2404 2237 6421 1632 5
3947 2236 1133 4580 3434 1036 139 484 1322 6423 5315 498 1779 2841 6472 2711 1281 116 1865 2187
1503 874 0 2397 2191 1533 5587 82 866 478 59 327 4241 5457 5424 3219 168 2247 2236 2359
6644 5777 1866 2360 4206 2720 2350 2248 869 520 1068 2862 2269 2350 2269 28 713 3121 1275 2711
2051 2236 3035 28 2247 1484 68 2722 3256 1504 2303 4430 2987 3010 1032 1562 3125 3434 2238 2783
2238 3363 696 8 6430 2236 62 97 6333 2718 892 6033 3804 6197 4044 2236 1308 2350 4727 2412
1690 1229 55 773 1281 5104 3568 947 3678 6171 1864 875 13 4909 251 1026 132 3575 3801 5822
348 6197 2983 55 2263 431 5656 1075 4674 6757 4902 3951 286 7 4052 4241 3619 2214 1255 6593
4462 1802 338 6197 1753 451 1352 888 5038 2921 635 3679 1884 1644 2351 2934 619 5825 6329 3341
6588 29 6036 2351 50 4727 1939 1255 3477 4141 3203 5512 865 478 4891 2351 548 5894 5918 1037
1630 6369 5578 3678 3035 3 5223 1035 4752 3204 1248 3203 6481 7 4752 288 3921 5680 2214 2951
5879 6186 2794 2221 1116 3235 1035 3896 1595 2787 6525 2303 5358 1930 50 1644 5887 5614 609 2396
4462 6283 3274 1830 6171 4751 68 1723 3 548 631 5459 5086 1630 4725 2409 2649 1753 168 6354
3946 3734 4310 6353 380 348 4544 2849 6032 1919 2269 5336 3896 4751 1029 0 6197 25 97 6036
72 6472 3931 6445 3 8 640 1927 1300 1069 1888 1866 5814 1512 3718 1776 892 536 2238 4618
5857 6050 2195 1352 640 5845 6434 5214 356 1528 1263 1035 6369 6277 4954 2236 2165 6369 2166 6481
4241 408 453 5755 68 619 342 1283 2226 2806 6206 1281 415 6846 1490 2427 6034 1076 3223 1802
1038 2313 6562 23 112 1326 599 1326 1017 3035 4670 3951 1052 6 644 5796 3286 6 1282 2783
682 6369 13 5582 6171 2238 3212 5755 218 2952 2268 2214 2876 475 6567 4933 6524 1617 885 5289
619 6248 1866 1594 1594 2367 1193 4326 1811 6248 2238 2982 6170 2152 1097 4167 5386 5893 2351 4079
1038 1371 482 6197 1634 1243 3035 5240 4604 2954 3 6031 6248 475 1440 4751 1255 6370 2952 1255
5887 5812 747 1237 4141 1931 237 2892 3012 1029 3813 6757 2794 6627 5899 2342 1262 4731 1283 4462
6882 5503 3724 550 3951 2787 3015 6138 2152 2783 6354 2178 4220 3959 6627 3435 1403 68 4990 5610
3687 2437 2367 552 1899 2223 5866 807 789 4751 4769 3911 6590 478 12 1688 1866 199 4500 8
1719 1785 6171 4670 1594 3917 2367 132 6512 892 1326 1916 2155 2236 6562 892 6165 168 2238 5614
6211 3367 1556 1248 1172 5802 1036 6848 3432 5267 1988 5844 6098 4899 416 2271 3015 5797 1865 2840
2787 4830 4212 619 2238 3008 6636 3065 2636 619 3028 3477 5916 5854 3724 3532 2756 1522 6489 3541
6112 6186 4003 4500 2259 983 1232 4591 8 1364 62 68 3611 2862 1193 7 338 2784 644 1051
6293 168 2269 2565 1594 1504 4082 588 2908 6261 6354 478 3133 5214 6817 6848 2184 2924 453 1037
1025 4670 6562 2360 97 342 5214 2609 5580 6562 168 2236 1666 2868 625 2702 5851 2325 4548 1517
713 4731 1870 1059 6197 3205 3951 1037 2815 2985 6036 1641 635 1230 1326 2732 5805 1796 4321 1029
911 2247 3734 5485 3682 2350 4501 3241 2718 3 6677 396 28 2269 3035 5223 1638 2238 1237 3249
2223 453 35 41 3017 6369 5370 4763 4198 520 3320 5887 1033 4135 6278 6649 4727 3566 6327 904
6464 267 74 1866 3035 2269 1711 5755 6562 2423 3564 1893 5635 2191 5659 6329 1504 3035 6310 4238
888 865 327 1872 1641 6657 3015 1029 2238 3557 3448 6204 1449 68 1730 3571 5823 5656 865 3704
3435 1044 5789 2242 6171 400 338 6216 2398 2431 2412 2238 2167 1617 2794 3813 3383 28 2247 2238
116 1121 4925 6216 654 2359 4901 2723 2350 6910 2806 1512 6320 4868 1093 6320 2697 2312 1722 4501
5820 3434 3035 3804 6260 6596 6484 3261 867 581 2242 3471 2379 5055 1650 5503 1605 1224 6389 1268
3500 4008 6237 6562 3241 72 5104 4338 1638 570 1023 4909 8 892 3951 5935 6512 636 2908 3
1605 2718 5 368 4765 453 464 88 2718 475 2358 925 907 1490 947 2351 36 3946 3976 116
730 2784 3367 1512 273 5396 1239 13 2509 663 592 4321 4304 2244 3952 4187 6036 4501 3870 807
2169 2269 6562 2359 3720 2269 1439 6036 4670 1215 3363 1378 1980 1017 478 2267 2214 2949 2719 5214
3 947 60 2115 868 3566 6851 4769 478 19 635 2924 2718 1208 1642 2880 2744 4913 611 338
2702 6373 327 2805 2717 4826 2248 635 1802 3028 2805 4336 925 3679 0 168 6033 1093 116 6353
4593 3015 57 2493 244 3804 3807 2367 984 947 4333 5812 617 4958 1963 5386 2562 68 6704 1233
663 6248 5752 4304 168 69 640 53 354 50 68 398 1294 6283 3793 2247 2722 4490 338 346
6851 1228 4901 123 5318 6036 2661 6276 892 2155 2926 5825 625 3734 1156 3435 5724 5881 1617 1688
2786 620 6283 230 4238 1594 2720 2303 590 599 2423 2350 8 1283 2833 3434 68 1758 148 4164
2169 1559 6032 4026 635 3383 6373 18 3434 3035 6562 7 4691 6403 2612 2324 2247 1464 3317 1617
68 1030 3435 530 6473 4573 1562 5823 4047 6 2212 6 1333 6 1243 2215 168 1326 1444 1563
434 2367 2210 5033 3943 1628 2437 1630 121 535 4132 1458 2397 6910 2350 3349 1758 6562 3012 5459
1249 2932 6157 68 2787 4044 6369 6191 1249 1030 1605 2427 4433 1221 2951 601 5228 6369 114 2213
1326 1033 1033 1528 5887 6237 2365 2718 6627 36 5052 4809 640 891 5025 2794 28 18 1035 6329
5954 3434 53 875 3471 3 136 2952 2350 4005 1506 327 5214 2350 2346 5755 1018 2269 5928 6794
6562 3724 2062 2692 4751 5317 1605 4527 2568 8 168 3 1594 6627 3015 5587 5482 3951 2303 2404
4868 5057 2901 1634 2719 6310 3734 4428 5 1644 3034 113 1326 566 3944 1018 693 524 3498 1025
1372 2748 6484 2269 625 3435 5461 19 1595 6313 3951 5793 2413 137 4008 5214 1894 583 322 2012
3813 3337 6 327 6533 1290 3 925 3109 6657 5893 0 4670 2806 168 3035 2397 1072 875 2722
6171 1230 4127 6200 5448 4397 5336 5825 983 1288 3 6249 1517 4527 4871 2350 4238 2234 2 3435
4073 6004 4826 1617 5893 1617 2423 168 892 1281 1210 1874 6224 6029 464 619 4053 2365 2342 2921
338 1350 620 2781 4326 5318 597 3532 5837 644 1666 353 2191 6199 6419 5528 5 5796 6310 2350
435 1496 6324 28 2214 2509 2293 3022 6696 6481 2214 875 5901 351 3500 1644 5541 2045 876 4688
4342 4490 6562 8 5823 431 168 6171 3008 4333 1438 6657 1630 3943 8 7 50 3 520 408
1258 4171 3015 8 709 1131 6431 1036 2191 2819 2340 168 2805 324 5858 82 1286 4763 6078 1287
2178 3206 6197 136 2212 2359 6329 6473 1501 1444 210 4120 2077 322 1753 5907 6562 6032 3477 4533
2825 6473 5564 2718 892 2657 2787 2924 2412 6248 3363 5223 4096 3525 3804 5887 2805 3625 1281 1233
583 5854 1908 5961 1753 408 3028 2112 1036 3679 5823 1037 5453 90 1723 3724 5747 1464 5768 2248
1199 2718 6278 888 5804 38 1796 6 36 5832 36 6036 6848 5348 3664 601 0 6211 5399 3235
3203 205 201 2718 625 724 4005 1025 738 6472 5118 1617 168 3917 1015 2952 8 1462 6848 2329
7 2351 6472 3435 332 3915 4526 5009 1626 6434 795 5770 2543 20 339 1796 6278 1617 1035 98
6248 644 1656 4508 2419 1302 5412 5866 619 1093 5459 2913 2717 3008 199 2547 1808 2350 2269 3870
3035 6451 3732 3568 5779 1199 1035 2234 3734 168 1093 3434 1221 5318 2609 6436 625 6186 4003 659
3434 1723 2303 6567 620 8 4553 1872 3566 5530 1352 1811 1041 599 5954 4779 6859 1866 3015 6248
338 5610 7 3947 3606 3241 1035 2719 344 1121 1899 4241 454 2429 1617 1029 1594 6329 8 1720
265 2358 3041 1672 6472 4505 3337 1594 620 5214 2350 1036 1605 2601 625 888 5887 1145 6417 2069
1594 1594 2396 5344 2783 6260 659 2324 55 1533 6339 1618 186 1458 120 3204 4919 5040 4511 2876
5214 8 6484 1866 3045 4114 3112 3008 3309 4552 2880 1252 5901 3946 3434 4727 903 2747 2238 676
338 5816 5873 3813 55 6248 36 68 6092 1611 1071 3943 773 2718 1437 4865 2397 537 563 686
3 4005 1440 2006 556 4826 6458 1975 2342 2041 4891 2247 2223 4094 6354 5901 2359 6248 326 383
696 2072 1073 1035 1290 4475 327 1989 5408 1093 2718 6197 3713 4475 2378 1148 6310 105 1043 3524
3969 145 431 5071 92 6171 625 6539 4008 6472 3678 2495 2924 6078 2269 478 1526 2841 6200 4234
3435 6029 6831 5888 2787 4691 1262 5038 1594 4780 6484 2367 170 2939 4309 4839 6481 2874 6867 98
105 3435 5 5223 6083 810 676 1035 3683 68 1437 168 4171 1029 635 6562 2718 1595 1054 2542
644 4234 1877 2954 4371 326 5610 5214 1594 2711 2188 2752 6277 5052 5897 1866 2515 338 6848 8
338 6186 408 4336 6583 6171 116 5776 3921 218 3015 327 1657 865 1025 953 3035 6311 2717 3263
41 2385 4048 41 3870 3434 2269 162 4558 2862 2214 4548 3724 100 445 6 2351 5317 2350 6197
6310 6031 3813 9 326 1044 6596 6211 566 6248 2692 4490 168 3679 1332 7 108 4505 6031 1528
1235 4638 4014 625 97 338 431 3734 1071 5319 28 5887 6197 2785 2852 3509 2717 5337 540 5680
5888 6312 1504 1017 4490 5324 3 887 4769 2397 5119 2214 6481 1506 1796 4335 5424 2294 4688 867
650 69 1796 3946 6036 1413 1594 904 1528 5025 6562 2747 415 1383 5768 3363 47 6283 5451 1748
5725 218 3724 1899 145 2202 2247 541 6536 1250 6775 2787 3204 23 6101 644 497 8 65 0
3477 1796 3434 3466 5322 4871 5823 72 6472 4058 1540 536 6 6536 974 910 4321 25 5241 1199
5214 3801 6481 974 6339 6033 145 2718 2422 1270 6757 2752 2327 6036 2238 4763 3944 2171 4557 3712
18 3625 1594 5768 3976 4419 3 6390 562 415 1490 2181 610 2269 947 1250 6627 4989 5823 3
599 5084 4725 6087 6032 635 4923 498 2487 2359 8 6192 2202 4462 2213 2242 2384 2240 1068 3813
2410 6036 168 6310 331 3475 2191 1884 185 2214 5503 2359 2214 46 6567 1015 5011 1036 1460 644
5336 2718 599 4556 6562 2238 2238 1237 6211 5206 3498 2350 1533 1006 632 408 3813 5557 6479 1594
2351 1438 85 365 5986 3952 1504 3678 3681 6029 5621 1819 6186 947 5854 1235 4752 326 2398 1611
5348 5227 2427 6472 342 1884 2212 475 5901 3677 2967 3246 3435 5084 2350 4731 6485 3274 4871 1326
3747 5034 6136 8 1018 4919 4913 2105 4919 6484 37 2703 6197 1690 3720 2340 5 2787 4475 2805
1605 2191 1267 3532 478 4529 2247 3734 346 345 1682 2351 5826 331 5453 1866 1235 2333 632 4863
2236 6562 415 1518 3819 5887 23 5289 2954 3683 627 1835 5474 6278 3568 3677 2350 2199 526 4511
6562 6197 2237 4048 5463 865 1248 1781 168 6329 5888 3 6310 47 0 6171 3813 619 4939 771
4763 1966 892 1723 2238 2340 2351 2718 400 3382 6197 2258 124 1504 2784 2217 1291 1620 1687 6562
33 1193 2280 2455 2609 141 494 6171 2051 2212 5225 6562 6 1723 866 2238 6211 3950 6369 2678
2351 1778 3513 1802 37 3566 4561 857 4500 2350 5631 84 1326 6481 5724 2562 2294 3479 23 536
3 253 2487 6 478 1036 5777 1221 1502 6373 2473 210 1594 408 3532 1372 2340 74 230 3714
4073 5908 2215 5797 4829 1601 6434 1247 6278 490 2509 6354 6237 453 41 1283 2236 2263 158 3734
2242 2236 0 2350 2238 2269 5118 4839 6472 408 6848 885 2794 6312 2350 292 2787 199 2978 352
1866 2350 3606 6369 5223 1653 1023 2975 29 41 5887 2263 3125 2212 1333 2722 478 6588 6248 4763
3341 2805 6423 2711 446 5512 1025 6910 6484 4336 1693 5443 2747 1255 3381 1511 809 1326 2783 28
6276 3381 3035 3435 6536 5843 5322 2367 892 1563 6512 2360 2351 4462 1250 625 3 3951 686 490
2236 1504 5038 18 5318 256 8 426 5472 1611 1463 2939 6283 2263 460 3585 7 4526 1332 1559
913 1644 4511 2658 3943 5820 327 3363 908 237 5926 1866 453 4396 1870 327 6354 2509 4747 6627
3966 4475 53 2010 3434 644 778 4238 3917 6472 6 5 2921 5768 4670 6627 53 4880 108 6032
1449 186 3274 4593 888 2267 3813 4731 3263 6848 2187 6369 400 635 6298 2247 3326 5245 346 2068
5797 2308 2 6210 644 37 1866 168 3 5887 3434 644 482 2238 5276 5448 148 3217 408 892
3510 2412 6525 1065 1515 451 116 344 6369 888 5943 2155 625 1287 2791 4050 6578 3 2215 2434
5796 5315 2212 1540 5394 5580 3678 1243 82 5348 1506 5610 2612 2787 2535 340 4198 1908 2768 3870
2720 8 50 338 5820 1308 6 3724 1891 1889 1038 5259 1332 4745 2247 2609 2850 625 3775 3747
1308 2324 2718 2236 635 2732 3261 827 1690 2167 201 1250 2786 1617 3564 6119 4971 5811 601 2543
325 1219 3581 6249 2718 199 2874 2226 2356 97 6913 3013 4355 4691 1288 1866 4048 4939 5599 4054
2359 2342 2351 2359 5503 2487 2423 1035 548 6087 1967 2546 4072 2442 6276 6536 2359 1326 373 1753
1722 1607 4740 635 2155 116 6536 644 5158 6848 2267 1559 36 1448 72 2263 6848 2954 4358 6562
1198 5888 6197 3624 891 1278 6199 72 4505 1598 90 2350 3969 1785 3969 625 6294 168 2350 3
348 3572 4371 5884 4775 703 3434 1723 2212 3679 1660 651 7 1789 2247 6204 478 6823 4863 3537
696 1747 5214 6 408 168 141 1248 4830 1454 6032 496 2473 5052 1219 341 6021 6533 1872 6472
2718 1326 1989 1199 68 1023 6481 1237 3951 925 416 1029 1449 2006 3734 356 1333 4950 2805 2487
2351 36 2247 1562 323 5060 1764 1627 1802 1478 3734 5071 5223 498 2539 2934 3870 338 4793 6369
2718 5623 914 1145 6644 60 2415 3256 1046 4 1927 5990 1213 2298 875 2724 3015 6253 6279 4198
6 338 6431 2239 904 6079 947 2862 4501 5223 6 327 1908 6362 2949 4074 2045 4446 1522 635
3678 5348 866 6036 1128 2722 2236 1727 1701 2186 1029 1029 874 1615 72 6186 72 2397 4828 141
984 3587 2238 5 2360 168 36 6431 5693 2736 866 53 6036 3804 1518 4745 156 5074 509 3944
3969 1594 2238 2794 947 1036 138 2269 2350 2533 327 1594 3344 2397 6 1437 4849 867 1433 5825
4591 2343 1286 108 2223 4849 3363 146 199 4995 1628 640 1723 1577 4992 2487 5656 1029 168 2247
8 4008 2247 6197 3035 2787 1890 434 1267 6373 4752 1198 3564 3734 33 168 266 3062 2413 4955
2905 6370 1092 5521 5392 4008 383 2163 410 2155 3943 4047 6197 5595 3035 6197 1229 947 5210 3611
5662 345 2238 2238 5843 68 1227 6663 892 4670 3400 2311 4885 408 4727 5976 453 2177 1894 82
50 2350 2412 5324 5755 5325 2833 68 1722 2238 620 3341 5689 2718 3734 6369 5333 5878 5938 4522
2483 6127 168 2238 2794 635 218 100 2280 1281 427 4388 404 1537 4323 6362 322 352 3435 2356
3435 6487 5614 2214 645 68 4688 338 2384 1767 6 640 69 6186 1870 2215 4529 1283 453 3937
168 3734 967 644 2360 346 3887 5408 4291 3455 2350 3587 6369 369 887 6761 5656 2510 892 3286
3664 2716 3734 2724 5214 3435 4546 3015 8 8 3050 1036 3 5610 2214 3369 168 4197 3479 1490
1594 693 4557 4939 2609 1326 5503 4505 3400 6197 2169 5920 6484 2269 2351 6472 3933 4691 3249 6238
3 1462 1079 3236 5779 3344 4849 1326 2367 2308 2361 1440 5629 3207 116 5614 1243 105 6484 6
1813 1274 1219 3564 1068 5887 3434 2350 2374 2719 7 520 116 5425 1628 620 362 1199 2718 36
116 2753 52 4308 644 3434 338 2784 4135 1927 5517 6171 1594 415 1042 6293 3734 5267 6224 1995
1723 412 6875 4670 3813 6278 2242 4868 1620 2456 5419 3261 625 2718 3035 141 4490 6278 3723 415
2794 4830 2374 2718 644 1511 644 3434 2238 5324 5018 2704 1711 3403 338 3340 1228 659 5214 42
676 446 154 5582 2236 6248 2794 2163 5210 750 6253 2694 28 2711 1326 6284 1075 962 903 1483
6780 408 2365 6014 3862 813 50 620 1802 23 2045 3734 3724 635 434 2737 1193 3320 5873 3677
3263 70 6310 570 635 3435 2350 2350 599 1811 795 3202 2711 3774 2787 6197 5098 224 23 543
4138 3028 2833 4267 6248 4780 1025 599 378 2359 72 1605 1522 3432 6836 4293 2508 4462 55 3207
1559 3435 2508 338 773 564 3435 1065 1912 2312 1891 1402 2347 6036 3035 2238 521 750 1248 3437
2350 686 1228 327 6562 625 5905 644 2217 2987 6199 2351 168 2350 1537 1032 2365 5202 1866 1866
6312 6 8 3951 1110 6200 2319 2167 1694 6693 36 5887 6029 92 1610 3952 1870 3704 1518 5171
1769 41 2954 3067 2609 892 5887 23 4765 2223 553 1559 1723 6248 1041 3678 1764 590 1352 2247
5887 1134 4309 4557 3039 3141 1247 2259 6472 6292 5214 1208 5281 1036 4727 6199 3513 6197 4725 4753
74 6293 2787 331 6525 2718 1595 3606 2267 114 541 640 2692 28 2787 4358 3008 1886 6292 230
4933 1294 1023 3363 3477 4529 210 4727 2985 1594 2350 3564 6036 5485 5831 6292 5371 703 302 2779
635 1029 122 5797 6331 1383 2794 3724 2318 3564 4371 2031 6197 1863 5221 3134 1015 3008 6142 3723
3751 4335 5 3044 6848 696 4752 97 5402 3015 620 1753 2238 6312 1283 2181 5382 4363 2924 1528
454 1779 2636 2054 2913 31 186 6562 947 5877 4026 1758 8 4540 1865 4558 4238 3015 2784 6757
2242 2324 1688 5044 2305 6910 327 5999 2543 1753 4901 4074 654 644 817 1227 5950 5422 5052 1707
2169 620 2238 3434 2350 3363 5948 1281 6439 3332 4739 1262 1528 2849 2508 2191 92 5214 1670 36
7 1224 41 2051 2247 8 2238 635 3914 5623 3183 4863 0 6431 4763 4423 2155 6199 427 3274
1093 359 6186 2238 6562 2247 2365 5230 3263 1559 5816 4073 1611 5546 4580 6562 5324 2754 1811 1243
1894 6068 2952 1243 2794 640 5862 415 1204 3219 8 2099 3188 609 3870 2787 6533 910 5055 5954
453 5382 37 5314 340 3015 541 7 3625 2495 592 1865 6794 168 3870 425 50 892 2300 4691
338 4527 2543 3096 1124 3737 4981 3434 6369 6781 97 1193 3682 5040 1641 4017 1589 5767 6248 1503
6197 622 1870 23 28 8 4670 3724 2546 1930 5757 2906 5893 1867 2214 2199 6442 1449 898 348
1867 105 2238 5749 1690 4238 636 5797 1533 2719 2717 1753 6036 2397 1559 5907 3683 2340 875 5441
1243 3951 59 3341 3885 6101 2350 6036 4074 4773 5610 6 640 368 116 5854 1930 1230 3331 6098
2247 354 179 3434 478 374 4828 428 892 5796 212 5261 715 4462 1865 1894 4921 28 6484 3434
168 2350 2360 6 3015 5009 1594 6627 408 904 1630 415 2784 8 482 6679 4658 2678 3189 2225
1504 3251 633 2374 984 2247 5071 2787 3678 5214 20 431 408 168 1594 5749 4725 80 8 5978
2365 4731 2787 4670 2269 1628 327 199 348 2324 28 3008 3524 887 72 1478 947 6312 5917 4335
4538 5394 342 1915 2394 4826 6277 5118 5768 6910 475 4035 3169 4171 2397 2350 28 635 2244 2169
3274 3008 1044 2921 4751 5857 2191 2259 5214 431 6249 478 2361 1537 3320 1504 1114 3804 1124 1595
3208 4335 8 5182 547 4591 1326 160 4737 5887 478 4054 344 2926 2635 1088 4971 370 2399 3015
2609 6910 168 6036 1641 2280 2410 4185 5614 1044 4981 1308 2718 146 1722 1764 1504 5214 108 4581
4751 3434 2833 644 1231 1322 6369 6851 1949 625 1889 789 1660 5899 6076 686 2012 344 3008 540
644 6320 6186 865 5656 2413 2651 6525 5768 2609 5187 454 6078 6677 4468 1889 5118 3282 5768 168
6472 4736 3434 3734 3044 370 1036 3035 6848 1035 2305 2237 23 644 3022 3813 591 168 4728 3564
2238 3682 2351 2263 41 4468 5582 2238 6472 2514 4 338 2732 3 5893 2784 1076 6221 638 5154
1017 478 6734 1360 6237 7 598 2171 2784 1036 108 4044 3862 602 2350 1899 1475 36 2350 4751
3951 5225 4048 141 6186 5887 2351 5071 4763 2691 5214 651 5 6848 892 327 686 2351 6248 1025
5893 1562 1325 1811 1867 2397 634 6 8 154 5214 1811 116 2359 327 1262 6472 3813 6590 1764
5068 1352 3 2609 549 2954 6206 1866 4674 6390 1611 2434 6329 2397 4308 415 1088 6904 1505 478
1641 1672 878 6627 168 5656 3087 512 2876 4933 2908 5214 6248 3435 6460 0 2182 3804 6390 53
1865 4526 1620 6186 2783 5888 6032 2862 1504 2784 4692 431 6310 416 5419 617 2191 327 1110 6825
4321 3155 5318 6250 619 5841 3434 892 1447 6562 5214 4919 865 6372 338 1561 288 5333 186 6186
3734 1302 28 2367 5844 6339 5804 1594 3585 3726 478 5693 5215 1630 3951 2717 199 4349 2350 3813
3724 1442 592 5768 1023 338 5055 1889 327 2215 1326 6484 341 4215 5916 866 1894 1854 3035 2238
168 92 1594 2978 5923 72 3870 2271 4763 5811 2112 66 2375 5907 4826 2367 2949 4729 1288 2359
345 663 327 3369 5595 2359 2238 2370 529 72 5230 3919 2238 5267 4863 888 1594 90 2238 713
620 1502 5823 3013 28 4751 415 1014 3363 4483 2090 4336 887 1653 1133 4297 224 2427 5337 5899
6848 5866 2237 5223 1036 1828 1033 1286 6241 1643 116 2360 4751 1237 6197 1116 2906 6578 6278 6525
3300 2112 4839 1302 6848 2794 685 640 3683 2787 5230 686 4094 370 4136 3678 2658 20 4447 3
1 1261 3008 8 6036 6 5887 5656 2225 6472 2423 2359 3125 1250 3713 2791 540 2423 4911 6766
1025 3803 132 4903 3035 5028 66 3022 6312 2350 867 2794 1248 640 5221 2718 6248 892 6473 64
4691 341 1331 2214 3363 2404 3899 2305 1594 415 2609 1458 6848 3320 925 4197 1281 5003 1866 866
4309 6472 168 326 6031 625 6369 6362 2367 6036 4826 5752 3 1438 327 1246 6248 6562 59 2318
2954 5582 4752 36 3435 5920 597 1522 3092 431 2434 2717 4187 3 108 6458 5829 640 2215 6562
640 773 3263 1644 7 6362 431 7 635 1962 2908 2212 84 1767 1101 2460 2342 1317 2787 66
2398 536 3678 5269 1072 4326 685 4289 4209 5781 2223 5401 2717 1332 1483 2152 6233 904 2661 1210
599 880 4048 354 5860 925 327 1753 415 3678 1046 625 2187 1121 6434 2268 72 1559 3243 2757
168 6204 6197 36 1035 4056 2365 2609 2163 84 5587 3125 4780 5516 2236 478 5768 6197 4220 5699
1221 186 1283 5503 6032 0 6 887 454 6910 2954 640 5252 750 2952 2371 5814 1302 3813 1866
3241 2805 2434 1326 415 5064 3951 6505 2238 2294 2158 4140 1446 531 3870 1283 338 2787 1236 2398
2247 1785 6376 4672 200 553 2732 6312 36 2360 1870 0 6031 2718 3734 2280 41 5823 2365 400
2215 341 1631 6421 4711 4727 1705 6484 4490 3 5823 2145 4197 5424 2692 5517 6033 3015 8 1796
1006 3263 6562 3734 6904 4581 5137 1641 562 8 6296 6472 6369 4751 1036 464 4505 213 1585 5587
1029 3 168 6627 610 1747 2913 2041 1262 2836 2427 3585 3734 2423 2236 6186 415 2367 6533 3359
5215 327 3606 105 6566 1333 5837 6216 8 431 619 541 5214 6823 6770 1097 2072 4731 6259 141
3434 5986 1977 3 453 2238 6472 1283 2367 2365 1688 3434 0 3015 6449 323 116 36 3713 4333
4171 3813 5724 1026 6112 5893 1449 408 6293 2184 946 1782 6512 2238 28 408 6278 2330 1533 1042
6266 138 1437 6197 4341 663 1035 1930 3274 1977 2794 5214 599 6197 403 6484 1866 168 590 6248
6171 3 2347 6327 4494 4840 2410 1621 1866 521 5465 6848 3577 1589 796 1074 6627 2397 5 974
650 2259 6171 8 92 947 6679 1015 5900 2787 168 6329 1566 6664 1693 4068 1483 2763 8 6197
1221 441 2806 6031 1764 520 3747 1563 6780 6033 4840 6206 6369 2718 6562 1559 3477 362 649 5818
1866 3687 875 2199 2931 4581 2294 6362 705 1796 1866 686 4939 2412 168 2247 6293 2269 2692 6403
4214 5230 676 6354 3724 1828 2351 1316 1783 4802 1866 1764 1605 145 2455 146 4538 5881 1496 5844
2238 1316 454 4238 5318 2102 6327 162 4955 6197 3263 4008 656 644 541 4308 6484 1017 8 6
6345 3434 50 4691 3015 1764 4308 2717 28 1302 53 3015 5866 2267 8 1437 1229 4751 2182 566
651 2238 4849 1025 4892 6211 98 25 3581 6036 5893 6248 6304 1275 1237 3724 2350 1262 5 0
1580 1518 4670 2542 1333 4505 2254 1325 6097 2359 5221 3951 338 2794 5230 2806 640 778 619 3
6036 2236 6032 6761 5396 2182 3471 4355 6206 3238 1283 3434 635 6122 6514 3241 2718 644 5359 6186
6 1035 338 5252 1231 5899 5893 7 904 129 1076 3019 2787 1620 1148 2794 3917 6310 2787 6050
3 1753 3917 1149 168 1866 4891 3432 4727 4342 1670 827 6836 72 866 625 865 8 3869 6518
1618 6211 6591 640 904 98 5223 3183 5770 141 1371 37 773 2303 1753 1504 2397 1046 460 783
3008 1523 3683 611 354 2717 599 8 6659 3 2784 3012 5071 3189 6292 6848 2783 2324 5214 1503
6449 874 2182 1802 640 2787 1594 1072 3263 3 6472 1523 876 3035 4289 6372 3341 651 2794 1723
3724 524 6837 1281 6313 892 3035 5055 3256 645 435 2191 892 3924 4497 6098 6262 7 2351 6036
1982 200 2718 1866 1221 4355 3585 302 6436 6484 72 4688 0 44 6138 0 3482 7 1992 5572
345 3015 1808 601 3434 33 327 564 53 2367 3678 1811 36 2214 3532 4460 3581 2077 3349 1796
199 601 6472 168 6248 1723 875 5887 1449 6536 5907 3924 6329 1243 599 3951 5414 7 5104 1681
1115 3039 5920 635 1894 730 2718 2350 36 5 4214 1628 6197 2058 2360 5118 1540 1350 2269 345
2885 1813 2732 5623 609 2214 2374 6562 338 3704 1239 1322 5953 3801 490 5887 892 1018 2350 625
5025 1866 1866 4335 5796 4206 5503 2238 168 3008 4096 904 116 6757 3 6031 1302 1438 644 2247
5605 5814 723 1036 3015 2269 6562 3 1537 2145 3472 4479 1237 37 2509 2412 1496 827 4688 2794
611 635 2719 4073 3866 2238 2247 570 3678 5928 1628 1990 651 2247 1332 3682 6237 4591 38 5261
1029 2350 6036 1458 2479 5887 1250 1866 2367 6773 5419 1549 6 2238 1707 2247 1237 132 6035 478
2397 8 3097 3952 324 2487 6562 6484 1333 1894 2360 1283 2351 4752 4336 1221 192 6369 2298 2787
2365 1298 8 1332 4692 1140 676 3813 5419 3256 348 1255 116 3813 1072 3341 5030 5214 1076 4494
4462 97 1503 5954 3241 6762 5412 266 3718 1110 2247 2732 2324 36 2351 2718 1874 3990 2678 1707
1233 2781 5893 1528 3720 338 1730 408 453 540 3902 1029 168 3859 6910 1511 962 2862 2269 2694
6484 4942 1050 2002 6813 6593 4047 2845 154 3455 1475 1243 773 2957 3065 2787 5597 1989 1033 2973
6036 2370 6036 6 5317 6484 6310 2224 6848 6879 2905 36 5318 1237 1121 1688 338 5240 2247 1097
338 5844 892 75 1262 2215 1594 6513 2259 2247 1828 5318 1478 1601 5888 8 5055 69 2238 5610
6369 121 23 37 1447 1889 5214 2397 354 3917 1617 3238 4326 3724 0 3341 5348 3747 2268 5864
6248 2609 146 5055 2051 168 6484 168 6472 5630 3571 4692 3564 2545 3008 397 344 715 6913 2398
3320 3564 2365 2359 8 1449 2415 6562 6329 3804 6848 2214 3035 2350 1068 2609 1036 453 4065 6251
2932 5797 1518 3895 1952 1276 2359 3263 3263 1540 6294 168 1308 105 693 2982 327 6329 2212 327
5606 3160 5276 141 636 2460 4532 305 1283 6472 4691 351 1029 6 2359 2238 3320 3548 913 199
3724 2856 2831 4642 354 6484 6248 3734 6518 2718 6237 5928 1235 350 1605 1285 5833 1243 2247 2985
2787 434 1778 267 6404 5689 2290 866 885 55 1110 6513 531 36 8 3418 5370 5252 3020 2359
3341 2718 1206 4 5 2274 153 28 3015 2361 348 2212 36 218 1449 383 6311 5448 1571 496
23 1720 4529 984 6034 6589 344 5214 5614 6211 2116 408 478 207 6527 1038 2784 5214 2350 3045
6248 2423 5214 6369 5800 4433 1326 3138 4933 2625 4371 2351 6458 3513 2238 46 1356 6 84 3513
1215 3976 5873 415 2244 1511 1512 635 2783 3363 47 1899 6328 1785 2359 1434 1484 2378 3369 1024
346 2325 6879 1262 1605 88 5726 5348 887 2726 635 6324 1475 1308 2269 2350 5314 3958 4920 951
5899 3541 1693 3679 619 146 2423 2717 324 3020 2236 5779 1190 6315 2658 6762 2350 6197 573 2924
16 4793 4110 6527 2269 1886 1215 943 1449 2350 2787 3952 409 875 2625 913 1929 453 1464 5412
1865 4335 4794 3 2718 3 5749 1764 2351 6075 1837 2006 3775 3679 1326 5599 6329 1029 431 1656
3263 1866 2906 2365 4079 2247 3383 5768 2350 478 4958 2350 2215 5412 5270 2238 4763 2 2214 68
6481 6033 644 36 5214 1503 5899 5582 8 1909 1302 866 540 6455 2236 2350 8 1326 408 2324
36 72 2794 1283 885 74 644 751 4511 2360 55 408 625 6472 2954 640 1348 5074 1145 4096
6627 5899 875 2365 113 1886 5152 2259 2412 6258 6333 1262 53 1333 2423 5610 1297 1580 7 1331
3734 888 4725 1255 15 3434 1941 1930 6204 2515 6249 4433 946 5724 6302 2356 1221 1093 2236 4310
4483 2371 1449 1912 633 3521 3571 1215 4568 4215 2212 2330 201 3720 3566 6314 6204 82 36 875
5402 3475 415 5893 168 925 6206 1333 635 595 1255 2286 6441 5854 2169 1866 1884 6734 3434 168
2837 2651 2259 354 1038 744 2402 0 53 3009 2787 875 625 2263 53 4005 773 3274 570 2214
892 1023 482 5223 2269 1813 1351 1523 338 2964 1866 2236 6472 2753 2054 1326 6160 1291 4500 3223
2949 5604 1620 4501 2187 5318 3032 2259 1338 5884 1255 2894 6364 5887 6761 2697 7 3236 3885 4892
1036 2220 5849 625 3434 338 3267 63 4840 2658 1454 2427 1025 2697 643 6761 5214 2182 1672 4942
1537 5319 344 5820 2718 7 2240 1764 2397 4728 1657 1156 1638 2880 3959 2214 2397 2661 4754 90
5214 5770 7 3747 1281 2718 676 3870 6171 1230 349 920 6484 1281 1856 6036 6032 4971 2269 3917
3341 476 168 38 4312 3804 18 5214 72 5393 1 2456 4557 6627 6033 611 2501 364 4779 3300
6472 4581 6386 179 6 3203 1943 168 3 97 2237 116 5893 2247 1982 1025 1306 3793 6036 2794
1512 1884 1041 6312 6627 2762 5887 1283 2396 1540 1611 6627 601 97 2351 3092 28 1603 1271 2137
6657 827 279 1440 6627 1598 3714 2806 1072 590 8 2360 431 892 3241 1326 904 1218 3737 4114
6360 2704 1626 2058 1672 7 6231 2214 5992 5866 640 6472 5864 53 105 1594 454 2397 5887 105
4048 5689 6472 6791 2236 2169 5860 2892 218 6277 3087 74 6171 6473 647 2155 2434 2396 6563 5844
69 327 362 3434 5 3434 2423 4892 2214 385 6197 5794 6036 2350 654 6 3263 8 6583 338
1595 5770 2146 4198 47 761 2413 4923 483 2238 1044 24 2609 6481 2732 644 5893 3951 5953 1356
6197 4504 5 7 1029 5214 1484 5842 644 6112 3678 1811 4325 4106 892 4651 1237 338 1559 3510
6200 6583 5876 4371 6339 2351 2350 2237 415 1764 5893 1688 1036 2269 625 18 1644 2711 6369 4674
2367 3 2952 348 1317 415 408 2269 1438 2805 4127 60 168 3951 265 5802 8 1213 1594 1504
887 6757 46 348 2247 4433 4322 1098 3432 141 2877 5755 1699 5084 1302 1437 4310 4008 1504 2238
3403 63 2692 2350 168 408 168 8 5990 743 3015 2906 4591 6431 3965 2397 562 8 1461 4065
6136 4909 2871 3435 2242 158 6294 322 1894 168 1866 647 1246 68 1591 6143 651 3035 415 1466
4591 925 4593 7 5752 1243 3035 2169 1333 2926 431 7 6048 405 2437 327 6913 137 1732 5776
2351 2367 6 647 5928 2231 327 3971 369 1503 5485 5517 3231 4304 590 1247 5884 408 5907 5846
338 4371 2259 2238 2247 6031 1229 773 984 92 3358 1463 6292 4727 12 346 6033 640 1443 3035
67 1333 1866 2238 2711 4725 5472 1282 3435 4475 3836 4241 13 453 1670 349 3341 338 1598 4304
1302 4082 3163 4751 3035 36 72 50 6562 3734 6403 3035 1580 6032 4311 1438 1449 2396 3997 2350
4308 1081 4849 2238 7 2657 107 344 4912 4287 68 6311 1889 3724 5884 2350 3937 2238 4692 1199
116 6033 3 644 1601 2423 36 1036 4187 1939 4840 3679 5768 1352 1484 4054 2351 2155 68 344
118 5842 1262 168 644 1062 1072 3951 2178 26 1722 6369 5755 3678 5887 36 6339 2308 549 5476
6211 4675 5272 8 6627 6562 625 3418 1891 1912 454 3734 5851 2367 644 875 4003 4686 0 5881
6329 6472 7 4293 3946 2350 7 6484 82 3 59 3363 453 2794 6283 6716 4326 964 41 2247
75 2711 4751 3951 1723 625 6033 4494 5572 3 2787 8 2410 5623 344 1778 4293 2720 224 3965
8 3238 6237 475 4871 5656 644 2215 1032 5887 5348 5275 3435 3923 1023 8 4763 72 3678 341
1229 3713 6505 5169 1025 2501 2391 3229 1526 383 267 6512 2876 1188 60 2906 3242 2452 4094 2397
1518 362 6197 4326 199 5348 1989 385 2240 1966 2495 4008 8 5729 36 132 244 168 4863 2305
4557 4419 28 68 5359 3804 599 3036 2427 5 1035 2242 5320 1644 141 3572 5935 415 4335 453
5823 1642 947 2397 1503 6761 400 116 5223 6657 6337 2787 4917 2939 3919 4569 6036 1611 1808 1600
2533 888 541 4321 36 6780 6248 1448 3 326 3724 4325 2871 599 2717 2636 6536 2487 3434 338
4005 1962 18 5844 556 6481 6 5656 2718 8 108 3720 597 408 2214 145 2639 6031 4725 1627
2365 1669 4008 4954 2862 1440 2982 1502 28 6809 28 68 46 5582 0 2360 2377 600 4901 2247
344 1866 2360 2403 2358 1600 632 1302 4828 1559 327 1726 2523 1199 5887 1899 6578 5320 651 1100
36 3 3747 6238 6525 5901 650 201 611 3619 5825 904 29 6798 2359 2455 1561 1614 6615 1281
521 4977 3152 1283 3678 6 1308 2412 6197 1594 1866 6481 2267 1033 6910 640 74 910 3273 4333
1237 570 6657 6562 3 2423 6472 6421 3568 6835 1634 427 1124 2182 3813 2397 1449 2238 6354 1522
1075 1785 3053 1352 5512 5712 2410 1352 344 1517 2718 2269 8 4419 1545 4556 4490 1023 36 6
415 4752 5857 6472 168 5503 3121 625 2880 74 2718 415 4620 5623 1802 408 1594 4826 1594 1285
2169 3012 1648 2199 1250 1884 636 3207 3732 1603 5768 6248 6036 5724 892 5143 644 3184 6525 6665
5 2263 1437 105 4505 1320 254 2263 3435 5512 1243 4670 2166 1691 1036 475 7 4073 5854 6514
1042 2360 419 2350 3572 5038 1035 892 5214 2247 2806 5214 1269 168 2350 327 750 6197 3709 2377
5503 1630 3870 599 2269 676 6766 209 1322 1198 5858 5656 1215 1541 5041 1026 5214 1317 2188 3952
949 6186 632 2364 878 5119 6814 5403 2599 6373 1866 4783 6472 2247 1514 426 4567 6390 4727 5214
645 37 168 8 1483 1252 6339 5467 1221 3434 36 6248 1643 0 2350 4490 3035 6171 2413 599
888 4475 2169 6197 5888 2367 562 3951 2223 885 4013 72 54 0 5887 378 1018 352 638 3036
975 3747 1509 6848 5887 4731 2311 345 1018 6197 1023 5935 3434 3015 5214 2324 3734 2150 6369 6390
2697 6472 2267 2350 3133 3274 3068 4059 3045 446 5071 6127 5866 4241 4501 108 6472 36 4335 6353
599 617 875 625 6204 5752 5816 4234 6770 1866 5818 1778 4591 1919 5887 1233 2106 1878 2794 4065
1303 1512 2208 2960 116 3361 4727 2826 2397 4050 5057 722 1517 1025 1072 2397 3917 6197 2399 6197
3015 1537 1980 600 6248 4336 3435 5614 415 750 6248 3579 984 1283 327 1157 1505 53 2783 5724
0 168 5887 3803 1594 1220 3638 5038 5724 3 6197 3067 6360 2732 3435 3807 789 5214 5448 2238
6848 2269 1866 1221 2890 1628 6484 2350 344 640 5768 6197 880 1866 1723 186 4691 1481 3434 1767
